400
10150	10150
20	7
42	7
23	7
25	7
13	7
47	7
4	7
98	7
85	7
24	7
77	7
20	7
93	7
51	7
26	7
58	7
82	7
54	7
1	71
87	71
93	71
50	71
43	71
39	71
6	71
44	71
56	71
17	71
94	71
76	71
25	71
33	71
33	69
71	69
81	69
9	69
82	69
70	69
29	69
99	69
44	69
27	69
37	69
44	69
8	69
52	69
84	69
84	69
28	69
98	69
79	69
37	69
44	35
64	35
85	69
53	69
7	69
19	69
81	69
12	69
24	69
84	69
17	69
41	69
89	69
48	69
74	69
39	69
1	69
32	69
51	69
47	69
93	69
34	69
30	69
68	69
72	69
69	69
4	69
3	69
14	69
91	69
57	69
89	69
60	69
44	69
4	47
2	47
47	47
63	47
12	47
95	47
7	47
1	47
44	47
53	47
19	47
8	47
74	47
71	47
1	47
28	47
70	47
38	47
21	47
92	47
28	47
72	47
11	47
24	47
27	47
84	47
17	47
51	47
6	47
71	47
51	41
22	41
28	41
13	41
81	41
45	41
32	41
73	41
21	41
3	41
84	41
55	41
42	95
9	95
78	95
45	95
99	95
67	95
72	95
72	95
20	95
37	95
68	95
88	95
98	95
42	95
32	95
29	95
13	95
75	95
50	95
67	95
43	95
7	95
100	95
20	95
35	95
72	95
25	53
100	53
6	53
65	53
87	53
66	53
93	53
3	53
12	71
14	71
67	71
89	71
19	71
46	71
14	71
66	71
77	71
64	71
64	71
90	71
47	71
7	71
86	71
1	71
82	71
73	71
21	71
47	71
100	71
22	71
71	89
62	89
32	89
15	89
20	89
43	89
93	89
34	89
37	89
63	89
31	89
20	89
97	3
81	3
14	3
58	3
3	3
63	3
11	3
92	3
95	3
74	3
77	3
23	3
20	3
77	3
17	3
34	3
81	3
66	3
24	3
79	3
86	3
95	3
92	3
39	3
70	3
66	3
72	3
79	3
10	3
61	3
80	3
76	3
65	3
35	3
78	67
70	67
82	67
71	67
91	67
88	67
25	67
46	67
73	67
35	67
70	67
51	67
3	67
76	67
46	67
90	67
13	67
55	67
16	67
76	67
1	67
42	67
87	67
34	67
18	67
13	67
84	67
80	67
5	67
59	67
66	67
84	67
74	67
44	67
88	67
87	67
92	67
76	67
43	17
59	17
27	17
49	17
57	17
54	17
48	17
77	17
90	17
26	17
86	17
10	17
28	17
69	17
56	17
69	17
20	17
27	17
27	17
56	17
3	17
33	17
45	17
47	17
17	17
36	17
74	17
70	17
61	17
2	17
90	17
33	17
61	17
45	17
15	17
59	17
45	95
46	95
85	95
95	95
39	95
16	95
71	95
100	95
32	95
89	95
44	1
60	1
41	1
23	1
49	1
84	1
46	1
95	1
1	1
42	1
91	1
2	1
30	1
10	1
9	1
97	1
90	1
49	1
71	1
71	1
18	1
63	1
98	1
44	1
13	1
40	1
70	1
8	1
77	1
57	1
38	1
12	1
81	23
64	23
65	23
85	23
70	23
45	23
58	23
91	23
96	23
26	23
77	23
7	23
75	23
90	23
80	45
12	45
87	45
97	45
25	45
50	45
35	45
20	45
80	45
20	45
93	45
66	45
87	45
100	45
55	45
2	45
27	45
40	45
12	45
7	45
42	19
71	19
94	19
51	19
63	19
72	19
22	19
33	19
82	19
43	19
48	81
65	81
17	81
38	81
5	81
2	81
90	81
65	81
35	81
61	81
20	7
42	7
23	7
25	7
13	7
47	7
4	7
98	7
85	7
24	7
77	7
20	7
93	7
51	7
26	77
58	77
82	77
54	77
1	77
87	77
93	77
50	77
43	77
39	77
6	77
44	77
56	77
17	77
94	77
76	77
25	77
33	77
33	77
71	77
81	77
9	77
82	77
70	77
29	77
99	77
44	77
27	77
37	77
44	77
8	77
52	77
84	77
84	77
28	77
98	77
79	63
37	63
44	63
64	63
85	63
53	63
7	63
19	63
81	63
12	63
24	15
84	15
17	15
41	15
89	15
48	15
74	81
39	81
1	81
32	81
51	39
47	39
93	39
34	39
30	39
68	39
72	39
69	39
4	39
3	39
14	39
91	39
57	39
89	39
60	39
44	39
4	39
2	39
47	89
63	89
12	89
95	89
7	89
1	89
44	89
53	89
19	89
8	89
74	89
71	89
1	89
28	89
70	89
38	89
21	79
92	79
28	79
72	79
11	79
24	79
27	79
84	79
17	79
51	79
6	79
71	79
51	79
22	79
28	79
13	79
81	79
45	79
32	79
73	79
21	79
3	79
84	79
55	79
42	79
9	79
78	79
45	79
99	79
67	79
72	5
72	5
20	5
37	5
68	5
88	5
98	5
42	5
32	5
29	5
13	5
75	5
50	43
67	43
43	43
7	43
100	43
20	43
35	43
72	43
25	43
100	43
6	43
65	43
87	43
66	43
93	43
3	43
12	43
14	43
67	43
89	43
19	43
46	43
14	43
66	43
77	43
64	43
64	1
90	1
47	1
7	1
86	1
1	1
82	1
73	1
21	95
47	95
100	95
22	95
71	95
62	95
32	95
15	95
20	95
43	95
93	95
34	95
37	95
63	95
31	29
20	29
97	29
81	29
14	29
58	29
3	29
63	29
11	29
92	29
95	29
74	29
77	79
23	79
20	79
77	79
17	79
34	79
81	79
66	79
24	79
79	79
86	79
95	79
92	79
39	79
70	79
66	79
72	79
79	79
10	79
61	79
80	79
76	79
65	79
35	79
78	79
70	79
82	49
71	49
91	49
88	49
25	49
46	49
73	49
35	49
70	49
51	49
3	49
76	49
46	49
90	49
13	49
55	49
16	49
76	49
1	49
42	49
87	49
34	49
18	49
13	49
84	49
80	49
5	49
59	49
66	49
84	49
74	49
44	49
88	75
87	75
92	75
76	75
43	75
59	75
27	75
49	75
57	75
54	75
48	75
77	75
90	75
26	75
86	75
10	75
28	75
69	75
56	75
69	75
20	75
27	75
27	25
56	25
3	25
33	25
45	25
47	25
17	25
36	25
74	25
70	25
61	25
2	25
90	25
33	25
61	25
45	25
15	25
59	25
45	25
46	25
85	25
95	25
39	25
16	25
71	25
100	25
32	25
89	25
44	25
60	25
41	25
23	25
49	25
84	25
46	25
95	25
1	11
42	11
91	41
2	41
30	41
10	41
9	41
97	41
90	41
49	41
71	15
71	15
18	15
63	15
98	15
44	15
13	15
40	15
70	15
8	15
77	15
57	15
38	15
12	15
81	15
64	15
65	15
85	15
70	15
45	15
58	15
91	15
96	53
26	53
77	53
7	53
75	53
90	53
80	53
12	53
87	53
97	53
25	53
50	53
35	53
20	53
80	53
20	53
93	53
66	53
87	53
100	53
55	53
2	53
27	53
40	53
12	53
7	53
42	53
71	53
94	53
51	53
63	53
72	53
22	53
33	53
82	53
43	53
48	63
65	63
17	33
38	33
5	33
2	33
90	33
65	33
35	33
61	33
