500
12446	12446
1	3
54	75
3	63
8	76
62	96
18	79
98	100
76	48
85	87
41	47
80	44
19	90
78	31
43	81
17	18
59	78
33	42
77	37
21	38
89	3
11	7
2	48
94	46
17	90
15	77
48	66
27	74
40	61
26	72
8	2
10	72
51	11
31	11
57	4
26	97
58	79
94	50
54	59
8	62
19	57
7	1
30	72
2	73
96	91
66	61
68	98
9	19
98	91
48	67
3	32
55	74
40	68
48	22
11	84
60	91
48	8
11	32
65	62
26	78
4	61
36	32
15	36
27	69
83	95
85	79
12	19
34	73
93	44
94	28
95	54
4	18
47	25
31	48
25	80
72	74
92	16
28	66
60	32
77	69
49	35
50	83
73	9
31	40
8	8
93	89
25	16
36	66
95	13
40	21
71	37
21	62
54	94
100	83
90	52
84	94
50	8
93	77
6	92
23	3
63	37
17	27
24	44
6	6
89	65
87	29
93	41
61	46
54	55
55	73
34	71
49	20
19	88
98	18
94	20
24	87
95	23
65	33
43	26
43	40
72	50
53	28
84	89
19	13
45	3
22	28
82	60
93	60
92	47
56	23
44	15
82	10
66	59
45	58
25	85
11	56
35	84
16	71
59	38
10	43
13	65
97	30
39	68
97	59
12	94
2	61
6	29
39	61
31	88
37	49
74	96
84	85
82	22
75	56
37	57
80	16
83	33
25	84
86	30
82	34
82	63
42	9
89	100
62	12
76	65
36	41
99	57
62	70
14	79
57	30
75	35
37	39
79	16
12	54
71	45
2	47
72	82
28	95
2	20
7	44
78	19
33	86
70	45
39	32
73	50
30	45
61	97
68	7
91	44
83	77
23	65
24	94
94	1
94	13
66	63
8	43
95	1
83	77
46	44
7	58
19	70
24	55
12	12
76	63
51	20
61	44
29	55
87	80
95	44
85	100
98	53
52	21
62	46
65	27
82	17
100	63
49	49
86	55
37	81
36	66
33	31
58	77
4	97
98	22
94	61
17	13
87	48
63	24
93	99
86	45
45	27
78	92
4	36
63	29
71	1
39	22
5	25
44	76
89	50
56	54
25	91
49	45
69	81
98	52
14	26
33	80
14	31
72	52
86	32
39	19
16	97
67	5
29	99
98	36
75	65
65	68
20	98
28	44
87	76
91	95
4	60
4	69
13	52
84	58
63	10
23	20
35	14
41	58
65	58
53	74
33	11
30	36
58	28
35	37
16	94
62	89
54	70
80	17
99	61
98	16
24	54
93	16
92	49
69	15
47	23
73	45
16	3
28	50
38	32
9	3
26	13
28	15
31	24
15	45
74	29
80	34
15	83
60	33
88	79
22	17
39	83
36	39
14	24
64	32
30	15
65	100
91	69
87	67
45	87
20	99
21	90
6	3
31	76
15	34
89	21
19	77
3	59
70	8
56	6
71	24
50	68
40	89
26	12
59	38
2	78
81	58
59	40
63	42
15	8
66	27
64	40
54	8
19	37
52	10
31	35
66	16
9	66
17	63
41	3
9	16
5	68
71	57
27	62
1	36
11	10
18	82
61	86
44	23
61	65
32	13
63	6
22	48
58	2
15	82
56	74
11	54
53	43
19	63
44	59
76	68
49	24
32	98
57	86
69	55
46	72
26	84
90	94
53	1
95	28
56	40
38	2
1	38
65	3
42	11
10	18
97	73
5	83
14	30
41	86
12	37
69	39
52	89
44	36
54	20
21	85
56	75
87	17
24	92
44	50
69	97
6	96
39	5
36	60
88	63
19	27
88	6
70	67
58	88
31	47
20	63
49	99
70	82
43	24
54	66
1	60
100	46
41	100
89	72
43	64
51	17
95	26
8	63
60	89
78	3
12	26
82	6
75	34
29	38
37	75
83	20
7	72
50	3
37	61
20	84
60	3
68	1
87	20
35	61
36	55
4	6
43	37
35	22
33	36
22	94
4	80
24	52
49	85
95	33
93	49
78	98
94	64
76	96
7	19
18	53
4	32
78	79
90	65
3	4
44	49
92	78
58	91
83	98
34	20
44	77
92	93
28	35
41	38
9	56
33	74
56	35
56	67
12	90
82	80
90	97
80	86
82	18
36	85
68	95
81	87
61	52
82	73
54	19
91	92
83	97
25	63
57	90
38	20
3	45
7	85
91	87
28	84
81	100
83	65
28	5
89	11
9	51
44	64
54	60
91	29
47	65
40	39
97	69
71	16
77	13
15	11
42	9
19	18
84	45
100	49
25	53
94	28
1	28
54	53
3	49
8	45
62	18
18	9
98	11
76	13
85	16
41	69
80	39
19	65
78	29
43	60
17	64
59	51
33	11
77	5
21	65
89	100
11	84
2	87
94	85
17	45
15	20
48	90
27	63
40	97
26	92
8	19
10	73
51	52
31	87
57	95
26	85
58	18
94	86
54	97
8	80
19	90
7	67
30	35
2	74
96	56
66	38
68	35
9	93
98	77
48	20
3	98
55	91
40	78
48	49
11	4
60	65
48	79
11	32
65	53
26	19
4	96
36	64
15	98
27	49
83	33
85	85
12	52
34	80
93	94
94	36
95	22
4	37
47	6
31	55
25	61
72	20
92	1
28	3
60	84
77	61
49	3
50	72
73	20
31	75
8	38
93	34
25	6
36	26
95	3
40	89
71	63
21	26
54	17
100	64
90	72
84	100
50	46
93	60
6	66
23	24
63	82
17	99
24	63
6	47
89	88
87	67
93	6
61	27
54	63
55	60
34	5
49	96
19	97
98	50
94	92
24	17
95	75
65	85
43	20
43	36
72	89
53	39
84	37
19	86
45	30
22	83
82	73
93	18
92	11
56	3
44	38
82	2
66	40
45	28
25	1
11	94
35	84
16	72
59	55
10	86
13	98
97	24
39	68
97	59
12	63
2	43
6	54
39	74
31	82
37	2
74	48
84	6
82	13
75	65
37	23
80	86
83	82
25	10
86	36
82	62
82	57
42	68
89	16
62	3
76	63
36	66
99	16
62	35
14	10
57	37
75	8
37	40
79	27
12	8
71	42
2	40
72	58
28	78
2	38
7	12
78	89
33	68
70	24
39	6
73	8
30	59
61	77
68	21
91	34
83	76
23	3
24	90
94	99
94	87
66	67
8	69
95	100
83	15
46	32
7	24
19	39
24	83
12	17
76	79
51	33
61	83
29	34
87	29
95	45
85	24
98	15
52	13
62	3
65	32
82	50
100	3
49	45
86	23
37	15
36	49
33	16
58	54
4	16
98	61
94	17
17	70
87	89
63	94
93	37
86	28
45	36
78	11
4	74
63	58
71	58
39	14
5	20
44	10
89	58
56	52
25	69
49	60
69	95
98	76
14	44
33	98
14	68
72	65
86	36
39	99
16	5
67	97
29	19
98	32
75	52
65	31
20	80
28	26
87	52
91	81
4	45
4	91
13	54
84	50
63	76
23	25
35	22
41	1
65	29
53	36
33	92
30	27
58	45
35	99
16	24
62	48
54	13
80	61
99	22
98	97
24	77
93	31
92	66
69	81
47	55
73	49
16	63
28	17
38	27
9	46
26	21
28	53
31	100
15	44
74	80
80	55
15	44
60	20
88	63
22	12
39	55
36	70
14	58
64	44
30	77
65	1
91	43
87	63
45	13
20	1
21	94
6	65
31	77
15	44
89	7
19	97
3	45
70	50
56	32
71	45
50	86
40	19
26	44
59	20
2	95
81	82
59	47
63	45
15	54
66	16
64	39
54	35
19	30
52	79
31	70
66	57
9	41
17	65
41	12
9	100
5	9
71	63
27	34
1	30
11	84
18	33
61	16
44	57
61	56
32	22
63	85
22	96
58	49
15	88
56	61
11	29
53	61
19	94
44	59
76	68
49	30
32	65
57	43
69	38
46	71
26	84
90	56
53	85
95	58
56	59
38	10
1	15
65	23
42	47
10	60
97	60
5	28
14	3
41	13
12	89
69	28
52	50
44	40
54	26
21	33
56	23
87	87
24	20
44	18
69	88
6	20
39	71
36	73
88	55
19	46
88	41
70	29
58	65
31	6
20	44
49	27
70	37
43	3
54	92
1	77
100	8
41	94
89	52
43	83
51	94
95	62
8	37
60	21
78	13
12	66
82	16
75	89
29	8
37	40
83	9
7	83
50	35
37	69
20	32
60	66
68	16
87	74
35	80
36	48
4	25
43	18
35	54
33	28
22	44
4	73
24	19
49	79
95	95
93	69
78	36
94	32
76	61
7	78
18	62
4	32
78	8
90	91
3	84
44	22
92	68
58	74
83	32
34	67
44	91
92	19
28	98
41	61
9	91
33	73
56	72
56	1
12	57
82	62
90	59
80	50
82	79
36	97
68	4
81	11
61	11
82	72
54	2
91	72
83	61
25	74
57	66
38	77
3	90
7	46
91	48
28	7
81	3
83	38
28	37
89	42
9	78
44	18
54	81
91	31
47	90
40	44
97	47
71	87
77	48
15	100
42	79
19	96
84	76
100	63
25	75
94	3
