500
12446	12446
1	3
54	75
3	63
8	76
62	96
18	79
98	100
76	48
85	87
41	47
80	44
19	90
78	31
43	81
17	18
59	78
33	42
77	37
21	38
89	3
11	7
2	48
94	46
17	90
15	77
48	66
27	74
40	61
26	72
8	2
10	72
51	11
31	11
57	4
26	97
58	79
94	50
54	59
8	62
19	57
7	1
30	72
2	73
96	91
66	61
68	98
9	19
98	91
48	67
3	32
55	74
40	68
48	22
11	84
60	91
48	8
11	32
65	62
26	78
4	61
36	32
15	36
27	69
83	95
85	79
12	19
34	73
93	44
94	28
95	54
4	18
47	25
31	48
25	80
72	74
92	16
28	66
60	32
77	69
49	35
50	83
73	9
31	40
8	8
93	89
25	16
36	66
95	13
40	21
71	37
21	62
54	94
100	83
90	52
84	94
50	8
93	77
6	92
23	3
63	37
17	27
24	44
6	6
89	65
87	29
93	41
61	46
54	55
55	73
34	71
49	20
19	88
98	18
94	20
24	87
95	23
65	33
43	26
43	40
72	50
53	28
84	89
19	13
45	3
22	28
82	60
93	60
92	47
56	23
44	15
82	10
66	59
45	58
25	85
11	56
35	84
16	71
59	38
10	43
13	65
97	30
39	68
97	59
12	94
2	61
6	29
39	61
31	88
37	49
74	96
84	85
82	22
75	56
37	57
80	16
83	33
25	84
86	30
82	34
82	63
42	9
89	100
62	12
76	65
36	41
99	57
62	70
14	79
57	30
75	35
37	39
79	16
12	54
71	45
2	47
72	82
28	95
2	20
7	44
78	19
33	86
70	45
39	32
73	50
30	45
61	97
68	7
91	44
83	77
23	65
24	94
94	1
94	13
66	63
8	43
95	1
83	77
46	44
7	58
19	70
24	55
12	12
76	63
51	20
61	44
29	55
87	80
95	44
85	100
98	53
52	21
62	46
65	27
82	17
100	63
49	49
86	55
37	81
36	66
33	31
58	77
4	97
98	22
94	61
17	13
87	48
63	24
93	99
86	45
45	27
78	92
4	36
63	29
71	1
39	22
5	25
44	76
89	50
56	54
25	91
49	45
69	81
98	52
14	26
33	80
14	31
72	52
86	32
39	19
16	97
67	5
29	99
98	36
75	65
65	68
20	98
28	44
87	76
91	95
4	60
4	69
13	52
84	58
63	10
23	20
35	14
41	58
65	58
53	74
33	11
30	36
58	28
35	37
16	94
62	89
54	70
80	17
99	61
98	16
24	54
93	16
92	49
69	15
47	23
73	45
16	3
28	50
38	32
9	3
26	13
28	15
31	24
15	45
74	29
80	34
15	83
60	33
88	79
22	17
39	83
36	39
14	24
64	32
30	15
65	100
91	69
87	67
45	87
20	99
21	90
6	3
31	76
15	34
89	21
19	77
3	59
70	8
56	6
71	24
50	68
40	89
26	12
59	38
2	78
81	58
59	40
63	42
15	8
66	27
64	40
54	8
19	37
52	10
31	35
66	16
9	66
17	63
41	3
9	16
5	68
71	57
27	62
1	36
11	10
18	82
61	86
44	23
61	65
32	13
63	6
22	48
58	2
15	82
56	74
11	54
53	43
19	63
44	59
76	68
49	24
32	98
57	86
69	55
46	72
26	84
90	94
53	1
95	28
56	40
38	2
1	38
65	3
42	11
10	18
97	73
5	83
14	30
41	86
12	37
69	39
52	89
44	36
54	20
21	85
56	75
87	17
24	92
44	50
69	97
6	96
39	5
36	60
88	63
19	27
88	6
70	67
58	88
31	47
20	63
49	99
70	82
43	24
54	66
1	60
100	46
41	100
89	72
43	64
51	17
95	26
8	63
60	89
78	3
12	26
82	6
75	34
29	38
37	75
83	20
7	72
50	3
37	61
20	84
60	3
68	1
87	20
35	61
36	55
4	6
43	37
35	22
33	36
22	94
4	80
24	52
49	85
95	33
93	49
78	98
94	64
76	96
7	19
18	53
4	32
78	79
90	65
3	4
44	49
92	78
58	91
83	98
34	20
44	77
92	93
28	35
41	38
9	56
33	74
56	35
56	67
12	90
82	80
90	97
80	86
82	18
36	85
68	95
81	87
61	52
82	73
54	19
91	92
83	97
25	63
57	90
38	20
3	45
7	85
91	87
28	84
81	100
83	65
28	5
89	11
9	51
44	64
54	60
91	29
47	65
40	39
97	69
71	16
77	13
15	11
42	9
19	18
84	45
100	49
25	53
94	28
1	38
54	39
3	18
8	40
62	76
18	98
98	63
76	84
85	16
41	29
80	55
19	90
78	43
43	38
17	65
59	24
33	4
77	27
21	73
89	28
11	93
2	45
94	36
17	44
15	12
48	1
27	73
40	75
26	81
8	37
10	59
51	36
31	83
57	54
26	85
58	54
94	43
54	5
8	29
19	66
7	7
30	83
2	12
96	89
66	71
68	10
9	86
98	11
48	72
3	96
55	25
40	9
48	74
11	54
60	55
48	22
11	23
65	2
26	25
4	47
36	32
15	60
27	73
83	16
85	88
12	95
34	42
93	81
94	7
95	98
4	66
47	50
31	93
25	21
72	56
92	11
28	39
60	42
77	27
49	55
50	32
73	28
31	43
8	35
93	4
25	98
36	15
95	65
40	89
71	95
21	59
54	70
100	71
90	37
84	59
50	69
93	58
6	99
23	51
63	100
17	21
24	99
6	84
89	72
87	57
93	7
61	23
54	56
55	58
34	36
49	12
19	31
98	17
94	33
24	42
95	38
65	52
43	30
43	5
72	83
53	70
84	60
19	41
45	43
22	45
82	82
93	93
92	69
56	76
44	49
82	86
66	1
45	64
25	87
11	44
35	88
16	32
59	14
10	37
13	20
97	65
39	92
97	9
12	38
2	59
6	37
39	38
31	94
37	69
74	53
84	98
82	75
75	1
37	66
80	29
83	72
25	55
86	13
82	39
82	73
42	63
89	41
62	9
76	42
36	73
99	3
62	55
14	1
57	89
75	93
37	62
79	47
12	56
71	100
2	67
72	57
28	70
2	4
7	47
78	78
33	71
70	11
39	4
73	88
30	87
61	80
68	89
91	91
83	53
23	1
24	5
94	53
94	19
66	11
8	50
95	84
83	68
46	82
7	43
19	8
24	33
12	76
76	86
51	4
61	50
29	54
87	56
95	92
85	96
98	80
52	13
62	4
65	32
82	36
100	29
49	27
86	7
37	59
36	7
33	76
58	21
4	19
98	16
94	5
17	43
87	16
63	71
93	87
86	68
45	84
78	50
4	53
63	88
71	68
39	73
5	72
44	56
89	1
56	57
25	62
49	32
69	19
98	17
14	82
33	42
14	85
72	52
86	80
39	54
16	66
67	77
29	9
98	34
75	94
65	10
20	49
28	16
87	79
91	38
4	91
4	78
13	73
84	99
63	36
23	9
35	24
41	12
65	100
53	41
33	90
30	3
58	77
35	4
16	93
62	73
54	69
80	21
99	53
98	36
24	27
93	51
92	73
69	58
47	37
73	50
16	18
28	45
38	48
9	53
26	9
28	78
31	27
15	29
74	66
80	61
15	13
60	65
88	8
22	93
39	1
36	62
14	52
64	4
30	67
65	57
91	12
87	18
45	85
20	46
21	89
6	67
31	59
15	71
89	68
19	70
3	75
70	90
56	48
71	91
50	27
40	15
26	60
59	47
2	72
81	9
59	82
63	94
15	51
66	91
64	93
54	69
19	62
52	34
31	27
66	62
9	81
17	98
41	2
9	69
5	22
71	12
27	36
1	4
11	61
18	26
61	84
44	37
61	16
32	97
63	30
22	38
58	26
15	33
56	58
11	73
53	66
19	100
44	58
76	29
49	47
32	36
57	2
69	33
46	6
26	62
90	11
53	83
95	19
56	79
38	98
1	96
65	71
42	16
10	34
97	91
5	38
14	95
41	96
12	78
69	48
52	39
44	7
54	52
21	73
56	48
87	83
24	48
44	57
69	64
6	32
39	26
36	9
88	87
19	67
88	35
70	96
58	10
31	93
20	29
49	33
70	34
43	49
54	45
1	34
100	2
41	55
89	56
43	76
51	6
95	24
8	47
60	35
78	38
12	52
82	19
75	20
29	8
37	17
83	28
7	93
50	65
37	42
20	13
60	73
68	9
87	28
35	61
36	21
4	93
43	60
35	47
33	35
22	56
4	78
24	14
49	45
95	41
93	96
78	39
94	47
76	93
7	69
18	64
4	36
78	80
90	63
3	10
44	62
92	32
58	58
83	69
34	30
44	52
92	12
28	46
41	23
9	70
33	42
56	97
56	53
12	59
82	57
90	57
80	52
82	60
36	21
68	49
81	69
61	98
82	76
54	72
91	17
83	89
25	74
57	43
38	89
3	97
7	99
91	69
28	57
81	85
83	50
28	27
89	51
9	1
44	96
54	21
91	62
47	41
40	44
97	57
71	88
77	10
15	90
42	3
19	93
84	92
100	26
25	20
94	21
