    200
     10     5    15
     15     4     5
     18     3     9
     13     5    12
     20     6     8
      2     7     6
     16     3    11
     14     2     2
     14     5     7
     14     7     3
      1     2    14
      7     8    11
     11     4     7
     15     2    14
     17    10     3
     16     1     1
      5     8     7
      9     1     6
     10     6    15
      9     9     1
      3     2     8
     19     8    11
     19    10     2
      4     4     1
      2     7    13
     13     6    12
      8     6    13
      3     5     9
     14     7     1
     19     1     4
      7     1    13
      4     8    11
     13     2     1
      7     3     8
     11     1     8
     15     2     2
      8     5    12
     13     6     8
     19     4     7
      5     7     4
      1     7    12
     12     2    14
     19     7     8
      2     8     7
     14     2    14
     17    10     6
      1     1    12
     16     8    15
     14    10    11
      5     5     4
      8     2     2
      9     9     5
      1     9     8
      6     9    13
     16     9    11
     10     7     9
      1     9     4
      1     7     5
      2     9     3
     14     5     4
      9     7     4
     14     8    11
     17     2    15
     13    10     7
     20     8     6
      2     8    12
     17    10     6
     17     1    13
      4     9    15
      3     8     2
     19     3     9
      7     5    10
      3     7     9
     10     6    11
      4     3     2
     18     8     8
     15     6     3
      6     6    10
     17     9     2
     16     5     7
     10     6     2
     20     4     8
      9     2    12
      3     8     2
      2     9    14
     16     6     6
     15     4     7
      6     4     8
     14     3     5
     16    10    11
      9     2    14
      2     7     8
      2     6    13
     11     7    11
      4     5    10
     13     4    11
     16     1    11
     13     7     4
      3     8     1
      2     8     2
      1     5     9
     20     6    10
      6     3    12
     12    10     8
     17    10    15
     20     7     9
     10    10     6
     18     4     3
      9     3    12
      7     3    10
      6     6     9
     13     7    10
     19     6     9
     17     3     4
      2    10     4
      6     3    14
      7     5    11
      8     1    10
     11     9    10
      2     6     4
     18     5     6
      1     8     3
     17     6    12
     16     9     6
     19     1    11
     13     4     6
     13     5     9
      6     3    12
      8     5     8
     13     4     7
     10     8    14
     15     2    10
      9     2    14
     13     2     6
     20     5     8
      2     1     8
      8     9    12
     10     5     5
     10     5     3
      2     4    10
     10     2     3
      5     2     2
      4     2     5
      8    10     6
     16     3     5
      8     5     9
     10     3     1
     16     7    15
      8     3     3
      7     1     3
      1    10    14
     18     9    10
      4    10    14
     19     2     4
     13     3    12
      3     3    12
     13     1    10
     15     7     4
      5     2    13
      3     8    15
      3     4     8
     13     9     1
      8     9    10
     17     4    12
     14     2     6
     16    10    15
      6     6    11
     13     4     6
      1     2     6
     18     6    15
     11     2     7
      9     1    14
     11     2     3
     12     9     9
     17     5     6
      9     9    13
     13     8     6
     14     1     7
     15    10    11
      1     3    11
     19     3    10
     19     8     9
      4     6    15
      7     9    13
     15     5    11
      2     3    14
     17     5     6
     16     3     5
     17     2     9
     12     5    10
     12     2     3
     12     1     4
     14     8     6
      4     4    14
     19     2     4
     12    10     8
     15     3     4
     15     1    10
     17     2     8
     11     8    15
