    200
     20     8     3
     15     2    14
     20     9     4
      6     4    11
      4     7    14
     11    10     7
     10     1     2
      7     4    11
      4     3     1
      3    10     7
     18     8     9
      8     5     4
     16     2     9
      8     4    13
     14     9    15
     11     5    11
     19     6    14
      7     3     3
     20    10     1
     17     5     9
     15     7     9
      5     4    15
     12     2     7
     14     9     1
     18     7    12
      4     7     6
     18     1     3
     14     1    13
     16     7    13
     16     7    10
      3     4    15
      2     8     7
      6     6     6
      2     2    14
      3     5    13
      8     2    11
     11    10     9
     13     9    11
     17    10     6
     18     4     8
      6    10     7
     11     6    11
     11     8    13
     20     2    14
     14     5     8
     17     2    10
     19     3    11
      7     5     9
     20     3     9
     14     2     1
      8    10     5
      1     2    12
     17     9     1
     17     4     4
     12     6    15
      1     8     1
     15     1    12
     11     5    15
      2     5     3
     13     5    11
      6     9    14
     13     1     3
      9     1    13
     16     6     3
     13     8     3
      6     9     8
     14    10    15
      1     3     6
     12     6     9
     20     4    13
     15    10     3
      9     3     9
      8     2     2
     15     9     6
     10     5    13
     15     1     9
      1     7     2
      4     2    15
     18     3     1
     14    10    10
      4     4     1
      3     8     4
     12     7     7
      9     4     9
     12     1     8
      6     9     6
      1     5    15
      7     2    10
      3     2    10
     14    10     1
     20     9     1
      9     3     4
     14     1     3
      9     2     4
      3     9     9
     13     5    15
     14     5     2
     10     2     5
      5     5     4
     11    10    12
      5     2    11
     13     5     8
      3     7     9
      2     8    11
      3     8     2
      6    10     3
     15     6    11
     11     7     7
     20     3     8
     13     5     7
     18     7     2
     19     6    11
      5     5     9
     12     9    15
      9     7     3
     11     4    10
     16     7    15
      4     1     7
     19     6    15
      7     6     5
     11     8     7
      7     8     7
      1     2    15
     16     6    14
     14    10     7
     11     2    12
      5     3    12
     17     8    10
      8     1    13
     11     2     9
     16     4     7
     14     1    15
      8     6     6
     11     1     4
      6     2     7
      3     9    12
      6     7    12
     17     7    13
     11     2     3
      2     2     3
     19     5    12
      9     1     6
     20    10     2
      7     4     5
     10     4     9
      2     8    12
     19    10     9
      4     7    14
      7     3    13
     14     3    13
      2     8    13
      2     5    10
      6     7     7
     10     1     8
      7     8    14
     18    10     7
     18     3     7
     16     4     8
      9     5     9
     14     6     3
      3     6    13
     16     6     6
     12     7     5
      5     7    14
     12    10     8
     17     3     9
     17     2     7
      6     2    14
     11     6    12
      7     5     7
     15     4    13
     11     5     3
     19     8     9
     10     6     4
     19     6     1
      1     5     7
      2     3     9
      4     3     5
     17     5    12
     15     9    14
     10    10    11
      2     2     4
      4     8    11
     19     8     5
     15    10     2
      9     9     7
     17    10     7
     15     8    12
     12     5     8
     12     7     6
     14     5    15
      2     4    13
      1     9     3
      4     2     9
      7     5    15
     14     8     7
      3     4    10
     20     6     1
     14     1     1
     13     4    11
