    200
     18     3     8
     10     1    11
      3     2     4
      6     2     8
      1     3     9
      4     3     6
     10     5     1
     17    10    15
     16     7     6
      1     8     4
     11     3     9
      2     9     9
     17     1    15
      8     5    10
      6     9    14
      5    10    15
     18     2     9
      9     1     9
     12     7     8
      6     1    14
      6    10    12
     20     7    12
      7     3    11
     12    10     8
      1    10     5
      6     1    14
      1    10    10
     20     4    14
     20     7    15
      3    10     9
      6     2    13
      4     6     3
      6     6     2
     20     5     9
     14    10    13
     18    10     8
      4     4    11
     13     7     2
      9     8    10
      8     4     9
      7     5     7
      7     8     6
      2     2    13
     11     4     1
      9     3     1
      7     6    11
     10     9    12
      4     9     2
      5     8     3
     12     1    14
      3     4    14
      2     2    14
     20     4     3
     19    10    15
      5     1     8
     12     7     4
     20     9    10
      4     6    11
     12     5    14
      4     7     9
      3    10     6
     14     6     2
     20     2     4
     14     4     2
     18     3     9
     13     1    11
      6     5     1
      3     2     8
      6     3     2
      7     5     5
     13     5    15
      8     4    13
     19     3    15
      1     4     2
     20     6     4
      2     1     8
      1     6     7
      5     8    11
      3     5    13
     20     6     8
     13     5     6
      1    10     3
      9     4     3
      4     7     8
     19     7     9
      9     9    14
     11     9     2
     11     4     9
     11     1    13
      1    10     9
      2     9     3
      9     4    11
     20     7     7
     20     8     6
     19     8     2
     18     6    12
     20     9     1
     17     8    15
     19    10    13
     19     4     8
     12     9    13
      3     5    13
     15     6    15
      4     9    13
     18     2     8
     12     1    15
      6     9     4
     17     7    12
      7     8     4
      4     4     6
     14     9     8
     10     2    14
     15    10     1
      6     2    10
     14     7    15
      7     8     2
      4    10     4
     17     3     6
     13     1     4
     18     3    12
     11     8     2
     12     8     1
     18     7     9
     11     4     8
     17     1    10
     17     3     7
      6     2     9
      4    10     4
     13     1    13
      3     3     4
      7     5     9
      9     7    15
     14     3     5
      2     2    13
     16     9     7
     12     8     5
     18     1     9
     17     6     7
     15     9    14
     12     4     1
     17     5     5
     16     9     7
     13     1    12
     18     1    13
     14     6     2
     17     3    10
      2     2     3
     13     9    15
      7     3     2
     19     2     6
     16     5    14
      4     5    14
     20     4     5
     12     4     9
     12     2     1
     12     7     4
     19     9     5
      5     6     9
     11    10    12
     10     3     1
     13     4     6
     19     1    10
     14     1     1
     14     2    13
      4     7    10
     16     6    10
      3     3    10
      1     1    12
      4     6     4
     11     1    13
     12     5    12
      5     2    11
     13     1     1
     11     3     4
      2     8     1
      2     3     4
      5     2    11
      6     4    14
     20     1     7
     19     7     4
     16     5    14
     20     1    15
      9     9    14
      5     3     4
     15     1     1
     19     2     5
     12     4    10
      1     7     3
     11     8     5
     12     1     9
      3    10     6
     19    10     2
     11     8     5
     14     8     1
      6    10     7
     12     2    11
      7     4     9
      1     7     8
      2     4     6
      1    10    14
