    200
      5     2     1
      5     8     2
      9     1    14
     20    10     4
      2     1    11
      7     8     6
      3     7     6
     20     8    14
     19     9     4
      8     9     5
     20     5     4
     17     1     7
      3     8     8
      1     8     6
     16     9     9
     13     8    14
     12     7    10
      8     2    12
     15     8     1
      3     2    13
      9     9     1
      2     6    13
     16     6     5
     19     7     1
     20     2    13
     19     6     2
     13     4     8
     18     3     3
      5     7    14
      8     9    15
      5     3    14
      3     3     9
     19     9     4
     14     7    11
     17     8     3
      1     7    14
     20     2    10
     13     8    10
     18     2    14
     11     1    14
     13     3     2
      2     4    13
      5     7     3
      1    10    10
      4     3     3
     17     1    15
     20     7    11
     11     1     4
     17     6    10
     20     8    10
     18     6    11
     15     6     8
     19     9    12
     12     2     1
     14     3     5
     15     8    13
     18    10     1
      6     6     3
      2     2    10
     14    10    15
     17     3     9
     14     4     7
      3     2     7
     14     8    12
     17     8    12
      4     4    10
     15    10    11
      9     2     2
      8     7     4
     11     1     8
      7     7     6
      8     4     2
     15     9     6
     12     2     8
     17     9     7
      7     4     9
      8     7    10
      5     9    12
      8     1     9
      5     7     9
     17     5     9
      2     6    13
     10     5    10
      6     6    13
     17     5     3
      1     2     6
      8     4    11
     16     3     9
      9     8     7
      5    10     6
     15     6     8
     16    10    13
     18     9     1
     10     9    15
     13     2    10
      3     9    13
      5     8     6
      2     9    12
     14     1    10
     16     9    15
      3     3     2
      6     5     1
      4    10     3
     17     9     2
     20     4     1
      3     4     6
      2     8     1
     15    10     5
      4     3    10
     20     4     1
      2     2     6
      6     7     3
     12     5     9
     14     1     2
      6     3    11
      9     3     5
      2     6    13
      6     6     1
     15     3    12
     14     1     5
      5     1    14
      4     8    13
     19     9     6
      6     8    10
     16    10     9
      2     3     9
     19     9    10
      2     6    11
     18     8     3
     12     3    15
      3     1     3
      4     1     5
     19     4    10
     12     2     5
     13     3     7
      3     5     3
      7     3     5
      4     6     9
      1     3    10
      2     3     7
      5     9     7
      7     7    12
      2     1     4
      8     2     6
     13     9    14
      5     2    11
     15     2     5
     10     2    15
      7     3     1
     10     2     8
     11     9    13
     10     2     3
     15     8    11
      5     7    14
     10    10     6
      1     2    10
      6     7     1
     15     5    13
     17     8    11
     18     7     2
      3     5     3
      5     3     4
     20     3     8
     11    10    13
     13     1    15
     16     2     4
      1     9     9
     10     8     2
      6     9     2
      3     6    11
     13     8     2
     20     3     8
     15    10    13
     11     7    14
      8     1    11
     15     7    10
     18     6    15
     19     7     6
      6     2     4
     18     1    12
     14     7     3
      1     5     7
     14     2    13
      3     8     9
     15     8     6
     15     1    10
      7     3    14
      5     1     1
      5     4     1
     12     6     8
     13     8     9
      7     8     1
      8     8     4
      4     3     4
     13     8    10
     13     4    15
     19     4    14
      7     3     5
      6     7     4
     12     1    13
