    200
     13    10    10
     20     5     8
     14    10     9
     13     7    15
      3     9    13
      9     4     7
     16     9    12
      4     6    13
      1     1     2
     15     9     6
      9     7    14
     12     3     6
     10     5     1
     14     1     2
      5     9     5
      2     6    12
      5     2    12
      7     2    15
     17     9     8
     20     4    11
     12     8     5
      3     5    14
      4     9    13
      7     3     8
     19     4     5
     11     2     4
      6     7     5
     16     2     8
     11     7    13
     12     8     5
      4     4    14
      3     1     1
     13     3     5
      8    10    12
     20     6     8
      5     5     5
     16     1    10
     13     9     3
      8     6     2
     15     7     3
     20     2    12
     17    10     5
      8     3     8
     11     6     4
     19     4     6
      7     7     5
      9     5    11
     19     3     7
      9     4     2
      7     5     5
     13     8     8
      8     9     3
     18     4     6
      5     3     3
      3     5     3
     18     8     7
     17    10     6
      9     5     9
     12     8     7
      3     2     5
     12     6    11
     13     3    13
      6     1    10
     15     2     7
     15     3    15
     15     6     9
      4     5     5
     15     3    12
     10     2     7
     15     7    10
      1     8    12
      8     3     5
     12     5    11
      3     1    15
     14     2    10
     11     8     9
     14     7    14
      4     1    13
     13     7     5
     10     8     9
     20     4    13
      3     2     8
     11     6     1
      7     5     4
     14     3    13
     14     5    14
      4    10     6
      1     3    10
      6     5     1
     10    10     4
      7     2    12
      2     7     1
     16    10    10
     19     1    10
      8     6     2
      8     2    14
      9     6    12
      6     1     8
     10     3     7
     14     5     6
     14     8     6
     10     5     4
     14     4     6
      9     9     7
      1     6     9
     15     7    12
     19     7    14
     13     3    13
      2     8     2
     17     5    12
     10     4     4
      3     1     7
      8    10     2
      3    10     8
     17    10     7
     10     9     7
     19     2     6
     15     9    12
     17     5     6
     10     8    12
     18     4    10
     16     8    10
     20    10     3
      1     2    12
     15    10     8
      7     2    10
     12     6    11
     19     2     3
      3     4     8
      1     2    12
     20     8    13
     19     6    10
      3     5     1
      1     1    12
     10     8     7
     13     2    15
     17     5     1
     10     7    11
      6     8     7
     12     3    12
     12     2    10
     18     4     2
     11    10    10
     17     3    13
     12     1    11
     14    10    11
      7     1     7
      7     4    14
      7     3    15
      2     2    11
      7     4    13
     16     8     6
     11     3     1
     18     9     4
      8     9    10
      9     6     1
     12     5    11
      6     5     3
      3     6    10
      6     2     2
     13     6     1
     10     4    12
      6     5    14
      8     9    13
      2     5     4
     17     8    14
     19     6     8
     18     5     8
      8     3    15
     15    10     9
     14     1     8
     16     4     6
     17     9    11
     10     1     9
     13     3     6
      8     1     1
     10    10     4
     11    10    13
     12     3    15
     16     5     5
     12     8     7
      2     8    13
     19     5    12
      1     3    15
     15     4    11
     12    10     1
      2     2     3
     10     5    14
     18     9    12
     12     2     7
      3     6    12
     15     6    14
      4     8     3
     14     8     6
     20     6    12
     13     6     3
     11     4     5
     13     9     3
     10     9     2
      2     2    12
