    200
     14     7    15
      2     5     2
     13     8     1
      3     8     9
      5     1     8
     13     3    15
     17     7     4
     18     3    10
      5     9     8
     16     6     7
      2     4    14
     15     1     4
      9     5     5
      4    10     4
     19     9    13
     16     9     3
      6     3     7
     16     8     4
     11     5     5
     15     1     1
     17     1    11
      6     8     1
      6     9     4
      8     3    12
     17     8    15
     20    10    15
      4     3     9
     13     1     8
      9     7     5
      9     2     5
     12    10    15
      2     2     3
      3     3    15
     19     9    14
      4     9    15
      9     1     6
      9     4     9
     13    10    15
     12     2     8
     10     2    11
     19     9     4
      9     4    15
     13    10     8
     15    10     3
      1    10     9
      1     5     4
     13     2     3
      1     1     2
      6     7    13
      8     5     6
      5     6    11
      7     4     9
      7     2    13
     14     5    13
      6     7     6
     12     4     5
      5     1    15
     13    10     4
     17     3     1
      8     1     6
     13     6     7
     13    10    13
     11     6     7
      6     3    15
     12     5    12
     12     5     1
      8     3     4
      4     9     4
      3     3    10
     12     7     7
      2     1     6
     19     7    11
      6    10    12
     20     8     9
      9     6    14
      8     8     9
      4     7     4
      4     8    15
      1     6    14
     17    10     3
      6     4     3
     14     1     9
     12     8     3
     19     4     4
      1     1    13
      3     5     2
      9     2    13
     19     7     3
      1     1    14
     16     5    15
     16     2     3
      2     2    12
      3     2     8
      3     3     9
     10     6     5
     16     1     8
     16     4    12
     12     2     3
     13     1    10
     19     3     1
      1     4    13
      5    10     9
      7     4    11
      8     3    13
     14     9    14
      2     7     6
     13     6    10
     20     8     3
     19     1    12
     12     5     5
      2     3     2
     17     4    13
     13     2     5
      6     3     3
      5     5     1
     12     1     4
      5    10    12
     18     8     5
     20     2    12
     15     9     9
     18     4    13
     13     8     6
      1     3    14
      4     8     8
     13     4    14
     13     2     5
     12     6     5
     16     1     6
     11     4    15
      5     2     8
      5     8    12
      1     8    10
     10     1     9
      6     1     7
      5     9     7
      9     3    11
     11     3     3
     20     7    14
      4     4     9
     17     7     6
     13     2     5
      5     5     1
     15    10     6
     11     4     9
     20     6     7
     17     7     5
     15     5     3
     13     3     7
      6     8     5
     20     8     7
     10     5    12
      5     8    12
      4     9     3
     17     7     3
     16     2     9
     13     7    11
     11     7    12
     11     3     2
      2     9     1
     18     3    11
     18     2     4
     19     7    11
      5     8     8
     14     6     6
      7     2     3
      7     1     6
      6    10     7
     10    10     1
     12     8     4
     14     3    14
     16     5     8
     19     5     9
     20     3    15
      9     8     2
      1     7     6
      8     7    10
     18     5     4
     20     5     1
     10     5     2
      4     2    10
     19     6     5
     13     9    15
      7     9    10
      8     5    15
      6     8     4
     17     8     9
      5    10     2
      7     5    11
      9     8    14
      2     5     5
     19     4     2
      6     8     4
     19     9    10
      9    10    10
     20     4     9
     14     9     1
     19     9    13
     13     9     7
     17     2     7
     18     4     3
