    200
     19     1    13
     12     2     5
      2    10    11
     16     3     2
      3     5     4
      8     1    14
     10     3     9
     12     7    13
     20     5    11
      2     4     5
      4     1     9
      5     7     7
     16     1     5
     18     4    12
     20     9     7
     18     2     5
     19     4     4
     18     7    13
      6     3     4
      1     8     4
     11     3     3
      3    10    14
     10     3     1
     13    10    12
     20     3     1
     15     9    10
     19     5    14
     17     2    13
     18     7     6
     20     3    10
     14     8    14
      3     7     5
     16     6    12
     11     4    12
     19     2     5
      3     6     9
     18     7    10
     13     8    14
     13     4     1
      3     9     1
      7     3    14
     19     2     1
      7    10    13
     16     8    15
     11     9     4
      2     4    10
     15     6     4
      5     7    13
      3    10    14
     13     2    15
     15     2     2
      1     7     5
      9     2     9
      8     2    10
      8     4    11
      7     3     2
      8    10     3
      8     1     6
     17    10     9
      9     6    10
      4    10     2
     14     3     2
      4     7     1
      5     5    10
     16     5     6
     10    10     2
     10     3    15
     12     8    14
     19     5     5
      3     4     1
     14     7     9
     18     9     4
     14     7     1
     18     2    12
     15     1     9
     19     1     9
     11     7    12
      5     5    13
     10     4     7
      7     8     2
     19     5    11
     12     9     3
     11     5     5
     16     6     8
      6     4     8
     17     9     3
     16     2     9
      9     8     2
      7     6    12
      7     5     5
     11     9    10
      9     9     7
      7     9     5
      5    10     5
      1     9     6
      6     6     6
      7     7     2
      4    10    10
      2     7     1
      5     2     3
     19     5     4
     18    10     3
      9     7     5
      3     4     4
     11     5    13
     19    10     9
      1     8    15
      4     2     2
      3     1    14
     19     4    14
      6     8     5
      4     4     5
     20     2     5
      9     5     5
      2     2     9
      9     1    13
     10     9    10
     20     2    14
     16     9     9
      2     4     8
     11     8     5
     10     8    11
     19    10     5
     14    10     4
     16     5     1
      4     2     2
      6     2     3
      1     9     7
      1     1     5
      7     3    14
     12     4     8
     12     9    15
      1     9    13
      7     2     8
     11    10     7
      8     9     1
     12     9    10
      7     6    10
     13     5     1
     17     8    10
     18     5     1
      3    10     7
     17     1     7
     12     3     9
      2    10    13
     19     1     3
     11     6    14
     19     8     7
      7     8     8
     16     7     2
     19     6    13
     13     5     4
     13    10     6
     11     3     9
     19     5    15
     15     9    13
     19     1     6
     11     5     8
     10     2     3
      2     4    10
     18    10     9
      8     3     8
     13     4    11
     20     9     6
      8     3     9
      7    10     2
     10     7     9
     14     6     5
      7     1     8
      9     3     3
     14     9    13
      8     3    14
     16     5     5
     10     9    12
     10     2     1
      2     9    13
     14     8    10
     15     9     2
     19     3    10
      7     3     9
      3     3    13
     11     2     2
     17     3    12
     12     6     5
      5     6     9
      4    10    13
     15     2     9
     18     8    15
      2     6     7
      2     4     7
     18     7    11
     11     2     8
      6     8    11
      9    10     5
      6     7     3
     13     5     9
     15     9     2
     20     6    12
      8     8    11
     17     2     5
