    200
      4     4    12
      2     8     8
     11     3     6
      9     9    10
      1     9     1
      3    10    13
      3     9    14
      6     1     1
     15     1    14
      8     2     4
      6     8     4
     14     4    10
      4     7     4
     11     8     4
      2    10     1
     20     5     8
     12     5    15
     19     6     7
      1     1     4
      8     5     8
      5     6    10
     20     2    11
     13     7    14
     18     7    12
      2     9     2
     10     8     6
     15     8     4
      2     4     4
      7     7     8
     11     5    14
     16     7    13
      4     2     7
      9     9     9
      3     9     9
     13     6    10
     17     1    13
      6     9    12
     13     7    12
     14     6     9
     16     6     6
     14     6     9
     10    10     3
      1     9     3
     16     6    12
      1     8    15
      2     3     1
     16    10     4
     10     3     8
     19     4    14
     19     8     9
      5     8     8
     15     1     2
     10     2     5
      3    10     6
     10    10     2
      1     2    14
     10     9     7
      3     2     8
     17     7     1
      9     1    14
     16     4    13
     14     7     6
     18     7     9
      3     7     4
     19     5    15
      8     5     4
     12     3    11
     20     7    10
     15     6     1
     15     2    11
      6     4    12
     17    10    12
      1     5     5
     16     5    14
      2     5     3
     10     4     8
     18     6     5
      5     2    10
     20     2    15
     18     5    15
     11     6     4
     10     7    13
      9     3     8
     13     8    12
     11     8     4
     12     3     3
      3     2     4
     19     9     1
     13     2     9
     18     5    10
      6     6     1
     16     6     2
     11     7     2
      6     8     1
     11     2     6
     15    10     4
     18    10     6
     15     8     2
     11     4     7
     11     1     5
     17     7    11
     11     1    11
     11    10    14
     18     5    10
      8     1    11
     16     4    12
      8    10     5
      7     5    15
      8     1     1
      6     4     8
     10     2     9
     12     4    12
      7     3     5
     11     7     7
     18     9     2
      6    10     8
     16     8     7
      3     7     8
     12     5     7
     10     9     8
      5     1    11
      6     8     2
     17     6    11
      4     1    15
     18     6     3
     15     3    14
     19     9     2
      5     6     8
     10     8    10
      8     3     5
     18     1     4
      2     9     5
     11     7     2
      8     2    10
     18     2     7
      7     5     7
     13     5     3
     14     5     6
      3     7     8
     17     9    13
      3     9    12
      1     6    12
     18     1     8
     13     1    10
      5     4     3
      2     4     2
      6     8     9
      5     3     7
      8     8    10
     13     6    12
      8     7    14
      1     2    12
      2     2     9
      5     8    14
      2     7     7
     18    10    15
      6     5    15
     10     7    14
     18     6     5
      6     6     8
     18     9    15
     16    10     6
      1    10    13
      6     3     5
      9     5     1
      6     8    12
     15     4    11
     17     2     9
      3     4    13
      5     3     6
     12     4     2
     17     1     5
     12     6     9
     12     1     6
     19     7    11
     15     1     1
      9    10     1
     10     3     3
      8     1     2
     10     5     7
      7     9     5
      9     4     5
      7     7    15
     16     6     9
      5     3    13
     10     2     2
      5     4    15
      8    10     4
     14     5    14
      2     3     9
     17     1     4
     16     6    11
     13     8    13
      9     1    15
     12     1    13
     12     1     2
     11     9     7
      8     4     1
     19     3    14
     16     9     7
