4810 6533
4871 6529
4919 6526
4939 6523
4940 6522
4945 6520
4983 6519
5005 6516
5041 6512
5058 6509
5060 6505
5071 6503
5081 6502
5082 6501
5084 6500
5086 6499
5109 6497
5117 6495
5138 6494
5142 6491
5150 6489
5161 6488
5179 6485
5191 6483
5194 6481
5196 6480
5206 6479
5226 6477
5243 6474
5264 6465
5278 6462
5279 6461
5288 6458
5300 6457
5323 6454
5325 6448
5332 6447
5341 6440
5345 6439
5355 6438
5364 6437
5367 6429
5370 6428
5376 6426
5392 6425
5399 6419
5401 6416
5404 6414
5413 6412
5418 6409
5420 6408
5422 6406
5426 6404
5437 6403
5442 6398
5447 6396
5450 6394
5458 6392
5459 6391
5466 6390
5470 6387
5475 6386
5477 6380
5493 6377
5494 6372
5505 6371
5506 6369
5511 6367
5521 6365
5530 6358
5532 6352
5538 6351
5539 6347
5543 6346
5550 6345
5553 6344
5566 6339
5576 6333
5578 6328
5579 6327
5581 6325
5584 6324
5585 6323
5588 6321
5588 6321
5592 6319
5596 6315
5608 6314
5610 6311
5613 6309
5617 6306
5619 6305
5624 6301
5627 6300
5629 6298
5633 6295
5633 6295
5637 6293
5645 6291
5646 6289
5649 6284
5652 6282
5654 6281
5654 6281
5659 6279
5659 6279
5665 6278
5669 6272
5675 6270
5676 6269
5677 6267
5693 6266
5695 6258
5705 6255
5706 6249
5712 6247
5714 6244
5719 6240
5727 6237
5728 6233
5732 6230
5741 6227
5745 6223
5747 6219
5753 6216
5770 6213
5775 6201
5778 6196
5781 6195
5787 6194
5788 6192
5790 6189
5794 6188
5797 6185
5801 6182
5802 6178
5803 6175
5812 6174
5814 6171
5820 6170
5820 6170
5829 6162
5831 6159
5835 6153
5838 6152
5839 6151
5842 6150
5846 6148
5847 6147
5849 6142
5850 6140
5850 6140
5850 6140
5866 6139
5868 6128
5869 6123
5875 6121
5884 6118
5887 6117
5889 6110
5896 6107
5901 6101
5905 6096
5907 6089
5910 6083
5919 6080
5925 6074
5930 6073
5931 6063
5937 6062
5939 6059
5943 6053
5948 6052
5950 6050
5953 6049
5954 6048
5955 6039
5957 6036
5962 6035
5966 6029
5972 6028
5976 6022
5980 6015
5984 6013
5990 6007
5991 5996
5992 5995
5998 5994
6002 5992
6004 5990
6005 5980
6006 5978
6012 5977
6014 5974
6016 5971
6024 5963
6029 5960
6036 5948
6040 5944
6041 5938
6042 5934
6043 5933
6052 5931
6053 5922
6055 5918
6059 5914
6064 5908
6068 5906
6074 5902
6080 5889
6081 5880
6083 5878
6086 5877
6087 5872
6092 5870
6093 5869
6095 5860
6099 5857
6103 5855
6105 5854
6107 5843
6110 5842
6111 5841
6116 5835
6117 5831
6120 5824
6121 5819
6122 5818
6132 5815
6134 5803
6137 5796
6140 5790
6143 5789
6144 5788
6145 5784
6147 5776
6149 5773
6153 5772
6156 5765
6157 5759
6158 5758
6165 5757
6169 5741
6170 5740
6172 5738
6175 5733
6176 5731
6182 5721
6187 5718
6189 5706
6197 5701
6198 5691
6199 5686
6202 5683
6205 5680
6207 5667
6208 5665
6209 5664
6210 5663
6220 5660
6222 5642
6226 5633
6231 5632
6232 5618
6236 5616
6244 5601
6245 5586
6247 5584
6248 5575
6250 5574
6250 5574
6254 5569
6257 5568
6258 5562
6260 5557
6261 5556
6262 5546
6262 5546
6262 5546
6268 5544
6269 5534
6272 5532
6274 5525
6276 5520
6278 5518
6279 5517
6285 5510
6288 5503
6290 5502
6291 5488
6292 5485
6293 5484
6294 5476
6296 5475
6297 5471
6298 5462
6299 5460
6299 5460
6301 5459
6301 5459
6303 5458
6307 5447
6313 5444
6314 5443
6318 5428
6319 5416
6320 5410
6324 5409
6329 5397
6330 5386
6332 5382
6333 5379
6335 5370
6336 5369
6337 5366
6339 5365
6340 5351
6343 5348
6353 5338
6354 5327
6356 5323
6359 5311
6360 5305
6363 5294
6364 5275
6365 5273
6367 5268
6371 5259
6376 5243
6380 5226
6381 5224
6382 5205
6384 5204
6387 5189
6388 5182
6391 5172
6392 5170
6393 5161
6394 5156
6395 5150
6398 5145
6399 5124
6402 5115
6407 5095
6408 5076
6408 5076
6410 5075
6412 5069
6413 5060
6418 5041
6420 5011
6422 5010
6424 4957
6427 4947
6428 4913
6430 4907
6432 4877
6433 4875
6439 4856
6440 4779
6442 4749