4304 6094
5998 4486
5992 4558
5986 4608
5982 4646
5978 4684
5972 4732
5962 4766
5958 4802
5950 4832
5942 4866
5934 4894
5928 4904
5924 4954
5908 4990
5896 5018
5880 5042
5866 5076
5858 5108
5850 5122
5842 5140
5828 5168
5822 5182
5814 5196
5806 5212
5798 5218
5792 5232
5786 5240
5782 5250
5778 5260
5774 5270
5766 5282
5758 5296
5748 5312
5740 5326
5734 5334
5724 5352
5716 5360
5712 5384
5696 5402
5688 5412
5682 5416
5676 5424
5672 5438
5658 5456
5652 5460
5648 5478
5640 5484
5634 5490
5624 5506
5620 5514
5612 5528
5602 5536
5594 5550
5590 5562
5574 5582
5560 5596
5554 5606
5542 5616
5538 5628
5522 5648
5514 5654
5506 5666
5500 5678
5490 5690
5476 5702
5470 5706
5464 5718
5458 5726
5446 5738
5436 5758
5420 5770
5412 5782
5382 5810
5358 5818
5340 5838
5322 5850
5310 5854
5296 5872
5284 5882
5270 5890
5254 5904
5232 5920
5202 5936
5166 5952
5154 5956
5138 5966
5110 5980
5082 5992
5070 5996
5060 6002
5044 6008
5002 6018
4992 6022
4966 6034
4920 6042
4858 6052
4840 6056
4808 6060
4784 6068
4684 6078
4542 6084
4502 6088
4310 6092
4376 6090
4518 6086
4634 6082
4732 6074
4798 6062
4816 6058
4854 6054
4892 6050
4924 6040
4978 6026
4994 6020
5032 6016
5056 6004
5068 5998
5072 5994
5100 5990
5134 5978
5152 5964
5158 5954
5182 5948
5206 5930
5234 5906
5256 5902
5274 5888
5292 5874
5300 5862
5312 5852
5328 5840
5354 5824
5364 5814
5396 5796
5414 5772
5424 5760
5442 5744
5450 5730
5462 5720
5466 5714
5472 5704
5480 5698
5496 5680
5502 5668
5512 5658
5516 5652
5532 5638
5540 5622
5548 5612
5556 5598
5570 5590
5584 5570
5592 5554
5598 5548
5604 5534
5618 5520
5622 5508
5632 5500
5638 5488
5642 5480
5650 5466
5656 5458
5664 5452
5674 5436
5680 5422
5686 5414
5690 5404
5704 5394
5714 5368
5722 5358
5732 5342
5736 5330
5744 5318
5756 5306
5760 5288
5772 5274
5776 5264
5780 5252
5784 5244
5790 5236
5794 5228
5802 5216
5810 5198
5818 5184
5824 5174
5834 5154
5844 5128
5856 5112
5864 5094
5878 5066
5892 5038
5898 4996
5914 4964
5926 4926
5932 4898
5940 4870
5944 4838
5952 4828
5960 4794
5970 4760
5974 4698
5980 4656
5984 4612
5990 4588
5996 4504
6004 4402
