4702 5732
6000 4758
5994 4856
5986 4932
5978 4992
5972 5010
5968 5044
5962 5066
5954 5090
5950 5106
5940 5130
5934 5136
5930 5162
5914 5186
5910 5202
5900 5208
5896 5236
5880 5256
5864 5268
5854 5284
5844 5298
5836 5306
5832 5316
5820 5328
5810 5336
5802 5342
5796 5352
5782 5362
5774 5372
5766 5380
5742 5400
5734 5408
5722 5412
5714 5418
5710 5424
5704 5432
5696 5438
5690 5448
5666 5462
5652 5466
5642 5472
5636 5478
5620 5484
5610 5498
5596 5508
5572 5514
5564 5522
5554 5526
5548 5532
5530 5540
5522 5544
5512 5552
5488 5560
5478 5564
5466 5576
5444 5580
5428 5588
5420 5594
5398 5598
5390 5604
5374 5610
5364 5614
5344 5620
5330 5624
5322 5628
5312 5632
5298 5638
5282 5642
5268 5646
5250 5652
5234 5656
5210 5664
5190 5668
5174 5672
5148 5682
5112 5686
5062 5694
5044 5698
5024 5702
4982 5710
4930 5714
4870 5720
4794 5728
4706 5730
4852 5724
4918 5718
4972 5712
5010 5704
5034 5700
5046 5696
5096 5692
5114 5684
5172 5676
5188 5670
5208 5666
5226 5662
5238 5654
5260 5650
5276 5644
5288 5640
5308 5636
5318 5630
5324 5626
5332 5622
5354 5618
5368 5612
5378 5608
5392 5600
5410 5596
5422 5590
5434 5584
5454 5578
5476 5568
5482 5562
5504 5558
5516 5550
5526 5542
5540 5536
5552 5528
5558 5524
5566 5518
5580 5510
5606 5500
5618 5492
5628 5482
5640 5474
5648 5470
5656 5464
5674 5450
5694 5446
5698 5436
5706 5426
5712 5420
5720 5416
5732 5410
5738 5402
5758 5398
5768 5376
5778 5364
5788 5358
5798 5348
5804 5340
5812 5332
5828 5318
5834 5308
5842 5302
5852 5294
5856 5272
5870 5262
5886 5246
5898 5218
5902 5206
5912 5198
5926 5182
5932 5142
5938 5134
5944 5120
5952 5104
5960 5078
5966 5058
5970 5024
5974 4994
5984 4984
5990 4898
5998 4818
6004 4732
