2884 4119
3849 2959
3845 2988
3842 3023
3840 3076
3828 3130
3819 3155
3811 3185
3804 3232
3800 3244
3797 3252
3794 3277
3787 3305
3777 3339
3768 3369
3757 3378
3753 3405
3744 3435
3732 3451
3721 3477
3713 3495
3706 3500
3700 3523
3691 3534
3689 3542
3686 3547
3681 3561
3677 3566
3669 3585
3661 3593
3657 3597
3655 3605
3650 3614
3648 3620
3639 3632
3633 3643
3629 3654
3617 3668
3613 3677
3607 3687
3597 3703
3590 3714
3578 3730
3570 3747
3558 3762
3545 3768
3542 3772
3537 3778
3533 3789
3522 3799
3516 3808
3509 3819
3500 3832
3489 3835
3484 3850
3478 3858
3464 3870
3450 3881
3440 3897
3420 3905
3413 3923
3396 3927
3381 3939
3373 3944
3351 3959
3336 3967
3324 3976
3315 3989
3292 4006
3256 4016
3239 4018
3232 4027
3222 4034
3212 4036
3201 4039
3197 4045
3180 4049
3166 4057
3149 4061
3132 4076
3097 4082
3072 4087
3048 4092
3036 4097
3011 4108
2985 4113
2943 4114
2989 4109
3030 4098
3044 4094
3056 4091
3089 4083
3115 4080
3142 4064
3155 4059
3169 4052
3181 4048
3200 4040
3205 4038
3216 4035
3225 4028
3238 4021
3251 4017
3275 4010
3301 3993
3316 3979
3327 3971
3339 3961
3372 3952
3379 3940
3393 3932
3398 3924
3419 3906
3423 3899
3446 3886
3452 3877
3472 3863
3479 3851
3485 3840
3492 3833
3506 3824
3513 3810
3521 3804
3525 3798
3534 3787
3539 3776
3543 3770
3546 3764
3566 3753
3574 3736
3582 3715
3593 3707
3605 3691
3610 3678
3614 3672
3619 3667
3632 3647
3634 3636
3646 3628
3649 3616
3653 3613
3656 3601
3660 3596
3662 3591
3676 3570
3680 3565
3682 3548
3688 3546
3690 3540
3697 3530
3705 3508
3707 3497
3718 3484
3731 3469
3733 3442
3747 3410
3755 3385
3758 3372
3769 3354
3781 3321
3791 3295
3796 3262
3798 3249
3803 3238
3808 3214
3817 3183
3826 3143
3834 3092
3841 3028
3843 2989
3846 2981
3850 2925
