5178 6214
6441 4691
6435 4787
6431 4845
6426 4853
6424 4903
6419 4920
6416 4939
6414 4967
6409 4975
6406 4999
6403 5016
6398 5052
6395 5088
6388 5109
6382 5120
6376 5154
6371 5171
6365 5200
6356 5231
6350 5238
6346 5249
6341 5274
6337 5278
6330 5298
6326 5319
6323 5327
6315 5343
6311 5350
6309 5355
6305 5363
6300 5382
6294 5395
6290 5416
6284 5433
6278 5436
6272 5458
6263 5480
6259 5490
6253 5494
6251 5502
6248 5512
6240 5535
6233 5540
6231 5546
6221 5571
6214 5580
6209 5588
6203 5606
6194 5624
6180 5645
6175 5655
6171 5668
6167 5674
6160 5684
6156 5690
6153 5696
6149 5702
6144 5710
6142 5718
6134 5740
6123 5748
6121 5766
6102 5782
6098 5790
6094 5802
6085 5816
6074 5822
6070 5833
6063 5849
6051 5857
6046 5867
6039 5876
6036 5885
6032 5893
6020 5899
6017 5915
5991 5947
5970 5956
5949 5980
5941 5984
5928 5989
5913 6002
5902 6013
5898 6019
5876 6031
5873 6040
5860 6046
5845 6053
5839 6058
5835 6069
5818 6074
5815 6076
5804 6082
5795 6085
5791 6089
5784 6096
5764 6103
5759 6105
5755 6108
5744 6114
5730 6117
5726 6127
5694 6135
5687 6139
5674 6142
5668 6146
5654 6149
5644 6154
5630 6157
5624 6159
5615 6161
5611 6171
5575 6175
5563 6178
5556 6180
5535 6189
5512 6197
5432 6204
5412 6206
5373 6210
5319 6212
5279 6213
5339 6211
5374 6207
5413 6205
5470 6202
5515 6192
5555 6182
5559 6179
5566 6176
5597 6174
5612 6162
5618 6160
5626 6158
5635 6156
5650 6150
5664 6147
5669 6143
5677 6141
5693 6137
5706 6134
5727 6120
5732 6116
5753 6109
5758 6106
5761 6104
5775 6101
5788 6091
5794 6087
5802 6083
5812 6078
5816 6075
5821 6072
5838 6064
5841 6054
5849 6052
5865 6041
5875 6035
5887 6029
5899 6015
5912 6011
5926 6000
5939 5987
5942 5983
5969 5973
5976 5951
6010 5933
6018 5911
6021 5897
6033 5889
6038 5880
6043 5871
6047 5859
6054 5854
6068 5837
6073 5826
6078 5818
6090 5806
6095 5798
6100 5785
6112 5780
6122 5749
6124 5742
6138 5726
6143 5714
6148 5706
6151 5701
6154 5691
6158 5688
6164 5678
6169 5672
6174 5666
6179 5653
6193 5642
6200 5616
6208 5604
6213 5582
6220 5579
6230 5564
6232 5541
6235 5536
6242 5530
6250 5508
6252 5500
6258 5493
6262 5485
6268 5475
6276 5452
6283 5434
6288 5417
6291 5411
6297 5390
6304 5377
6306 5357
6310 5352
6314 5345
6318 5339
6325 5321
6327 5301
6333 5289
6339 5277
6344 5262
6349 5239
6351 5235
6361 5214
6367 5175
6373 5160
6380 5148
6384 5113
6391 5092
6397 5060
6400 5033
6404 5008
6408 4987
6411 4973
6415 4952
6417 4924
6420 4912
6425 4857
6429 4846
6432 4841
6439 4783
6442 4646
