6270 8226
8164 6380
8160 6460
8155 6521
8148 6562
8146 6600
8144 6612
8142 6640
8140 6652
8135 6669
8133 6691
8127 6739
8123 6755
8119 6769
8117 6779
8115 6787
8113 6795
8110 6812
8108 6818
8105 6833
8100 6852
8096 6866
8094 6878
8089 6889
8086 6912
8079 6927
8073 6961
8068 6966
8063 6989
8060 6998
8057 7009
8054 7022
8052 7026
8049 7033
8047 7047
8042 7064
8036 7078
8034 7086
8031 7095
8029 7101
8027 7111
8022 7120
8020 7126
8015 7141
8013 7143
8011 7157
8007 7167
8002 7178
7995 7201
7991 7211
7986 7222
7983 7231
7981 7233
7979 7241
7974 7252
7971 7261
7969 7269
7967 7271
7964 7280
7961 7283
7959 7285
7956 7300
7950 7312
7946 7318
7944 7328
7938 7344
7933 7351
7930 7356
7925 7367
7923 7379
7915 7393
7909 7401
7903 7413
7899 7427
7889 7439
7885 7449
7881 7455
7877 7469
7871 7477
7865 7489
7861 7493
7857 7503
7851 7515
7847 7525
7841 7537
7832 7550
7829 7555
7827 7563
7822 7568
7818 7572
7816 7578
7814 7582
7808 7588
7804 7596
7802 7600
7793 7613
7790 7618
7784 7628
7780 7632
7777 7639
7772 7646
7769 7649
7766 7658
7760 7670
7752 7676
7747 7681
7745 7689
7736 7698
7732 7714
7723 7717
7721 7719
7717 7723
7715 7731
7712 7734
7710 7736
7704 7748
7695 7751
7689 7763
7683 7769
7679 7777
7673 7779
7663 7789
7659 7797
7653 7803
7647 7809
7635 7815
7631 7819
7627 7829
7616 7832
7608 7840
7604 7848
7597 7851
7588 7856
7585 7861
7581 7863
7577 7871
7570 7876
7565 7879
7559 7883
7553 7885
7547 7893
7535 7899
7531 7903
7524 7906
7522 7912
7509 7917
7507 7921
7504 7926
7497 7933
7485 7935
7481 7939
7469 7953
7456 7958
7448 7964
7440 7968
7433 7973
7424 7980
7420 7984
7408 7990
7403 7993
7393 7999
7388 8002
7382 8010
7370 8016
7352 8024
7339 8033
7331 8037
7309 8047
7297 8053
7277 8061
7265 8063
7263 8065
7259 8069
7234 8080
7225 8085
7217 8089
7203 8095
7175 8101
7166 8104
7154 8108
7146 8112
7134 8116
7124 8120
7108 8124
7083 8129
7072 8132
7060 8136
7042 8144
7018 8146
7012 8148
7004 8150
6998 8154
6973 8157
6963 8159
6959 8161
6951 8163
6940 8166
6920 8174
6886 8178
6872 8182
6868 8184
6844 8186
6835 8191
6824 8194
6787 8197
6775 8203
6705 8209
6677 8213
6640 8216
6583 8219
6521 8221
6466 8224
6405 8225
6474 8222
6582 8220
6613 8217
6670 8214
6686 8210
6743 8207
6783 8201
6803 8195
6827 8193
6839 8187
6849 8185
6871 8183
6879 8181
6914 8176
6934 8168
6948 8164
6952 8162
6960 8160
6968 8158
6988 8156
6999 8151
7007 8149
7017 8147
7019 8145
7052 8138
7068 8134
7080 8130
7092 8126
7116 8122
7125 8117
7142 8114
7151 8109
7162 8106
7172 8102
7195 8099
7213 8091
7223 8087
7233 8083
7257 8077
7261 8067
7264 8064
7272 8062
7291 8059
7305 8051
7316 8042
7336 8034
7344 8030
7366 8020
7373 8011
7384 8006
7389 8001
7400 7996
7404 7992
7410 7988
7422 7982
7431 7979
7438 7970
7443 7967
7452 7962
7458 7954
7479 7947
7484 7938
7492 7934
7499 7929
7505 7925
7508 7918
7517 7915
7523 7907
7525 7905
7532 7900
7541 7897
7552 7892
7554 7884
7561 7881
7569 7877
7572 7872
7579 7865
7582 7862
7587 7859
7595 7855
7601 7849
7607 7841
7615 7837
7619 7831
7629 7827
7632 7818
7640 7814
7649 7807
7657 7799
7660 7790
7669 7787
7674 7778
7680 7770
7685 7765
7693 7759
7700 7750
7709 7737
7711 7735
7714 7732
7716 7730
7718 7722
7722 7718
7724 7716
7734 7706
7744 7696
7746 7688
7748 7680
7756 7672
7762 7666
7768 7650
7770 7648
7774 7644
7778 7636
7781 7631
7788 7626
7792 7614
7799 7607
7803 7599
7805 7595
7809 7587
7815 7581
7817 7573
7821 7569
7824 7564
7828 7556
7830 7554
7839 7545
7843 7529
7849 7517
7855 7511
7859 7495
7863 7491
7869 7483
7873 7473
7879 7463
7882 7452
7887 7445
7893 7435
7901 7421
7907 7407
7911 7397
7917 7385
7924 7368
7927 7363
7931 7355
7934 7346
7941 7337
7945 7321
7948 7314
7952 7308
7958 7292
7960 7284
7962 7282
7966 7278
7968 7270
7970 7262
7973 7257
7978 7248
7980 7240
7982 7232
7984 7224
7989 7219
7994 7204
7999 7197
8003 7171
8008 7158
8012 7148
8014 7142
8019 7137
8021 7123
8024 7118
8028 7104
8030 7096
8032 7088
8035 7079
8038 7068
8044 7058
8048 7040
8051 7031
8053 7025
8055 7017
8059 7003
8061 6993
8067 6985
8069 6965
8077 6945
8083 6925
8088 6904
8092 6886
8095 6867
8098 6862
8104 6848
8106 6828
8109 6813
8112 6802
8114 6788
8116 6786
8118 6778
8121 6767
8124 6740
8131 6729
8134 6680
8136 6668
8141 6647
8143 6629
8145 6603
8147 6579
8153 6559
8158 6498
8162 6436
8166 6344
