5734 8720
8578 6320
8574 6392
8568 6434
8562 6518
8556 6594
8544 6642
8538 6708
8526 6766
8512 6822
8508 6834
8504 6854
8496 6886
8492 6914
8480 6948
8472 6970
8460 7004
8456 7032
8444 7062
8436 7078
8430 7090
8426 7106
8422 7114
8418 7132
8410 7140
8404 7158
8396 7184
8392 7194
8384 7220
8378 7232
8372 7250
8362 7278
8348 7296
8340 7322
8330 7340
8322 7352
8316 7376
8302 7398
8296 7410
8286 7424
8282 7448
8262 7464
8258 7468
8254 7480
8248 7500
8240 7520
8230 7536
8222 7556
8210 7576
8196 7596
8178 7612
8164 7628
8140 7662
8136 7666
8124 7682
8118 7694
8104 7712
8092 7726
8084 7736
8078 7742
8072 7756
8062 7766
8052 7770
8046 7778
8040 7788
8034 7798
8018 7814
8010 7820
8006 7826
8002 7836
7992 7844
7984 7852
7978 7868
7952 7896
7946 7900
7934 7910
7924 7918
7914 7930
7904 7940
7882 7958
7868 7980
7850 7996
7842 8002
7824 8014
7818 8020
7808 8030
7796 8052
7778 8060
7768 8070
7748 8086
7732 8096
7720 8104
7708 8116
7704 8124
7692 8132
7666 8144
7650 8156
7638 8164
7632 8176
7608 8182
7604 8190
7594 8196
7588 8200
7578 8206
7574 8212
7560 8218
7550 8222
7538 8230
7528 8240
7506 8250
7500 8260
7488 8264
7474 8278
7450 8286
7430 8304
7402 8312
7388 8320
7378 8324
7362 8334
7352 8340
7342 8346
7332 8350
7316 8356
7306 8366
7286 8378
7264 8388
7240 8396
7230 8402
7210 8406
7198 8414
7186 8418
7174 8422
7158 8432
7148 8438
7128 8442
7114 8446
7100 8450
7094 8454
7076 8460
7068 8466
7062 8472
7046 8478
7028 8484
7000 8490
6986 8494
6976 8502
6958 8506
6942 8516
6912 8520
6904 8528
6878 8532
6868 8536
6850 8544
6834 8552
6808 8556
6776 8562
6764 8566
6760 8570
6734 8574
6724 8578
6706 8586
6672 8590
6646 8598
6636 8602
6610 8606
6598 8610
6584 8616
6562 8620
6546 8624
6522 8628
6492 8636
6472 8642
6436 8650
6400 8654
6384 8660
6348 8672
6274 8684
6184 8692
6096 8698
6004 8708
5754 8716
5974 8712
6094 8704
6156 8694
6192 8690
6296 8674
6350 8664
6394 8658
6412 8652
6450 8644
6476 8638
6510 8634
6524 8626
6556 8622
6566 8618
6590 8614
6600 8608
6620 8604
6638 8600
6670 8596
6682 8588
6718 8580
6728 8576
6740 8572
6762 8568
6770 8564
6782 8558
6814 8554
6844 8546
6862 8538
6872 8534
6898 8530
6906 8524
6918 8518
6948 8514
6970 8504
6978 8500
6994 8492
7006 8486
7040 8480
7052 8474
7064 8468
7074 8464
7090 8458
7098 8452
7106 8448
7122 8444
7132 8440
7150 8436
7164 8428
7176 8420
7190 8416
7204 8412
7214 8404
7236 8400
7250 8392
7266 8380
7292 8368
7314 8360
7324 8354
7334 8348
7344 8342
7360 8336
7374 8332
7380 8322
7392 8318
7418 8310
7444 8292
7462 8280
7478 8268
7490 8262
7504 8252
7518 8248
7532 8236
7546 8226
7556 8220
7562 8216
7576 8208
7584 8202
7592 8198
7602 8194
7606 8184
7620 8180
7636 8170
7646 8160
7664 8150
7678 8140
7694 8130
7706 8118
7718 8110
7730 8102
7746 8092
7764 8084
7776 8064
7780 8054
7802 8040
7814 8028
7820 8018
7836 8012
7844 8000
7860 7992
7878 7970
7896 7956
7910 7938
7916 7920
7928 7912
7940 7902
7950 7898
7968 7884
7982 7866
7986 7850
7998 7842
8004 7828
8008 7824
8012 7816
8024 7812
8038 7794
8044 7780
8048 7776
8058 7768
8066 7758
8076 7748
8082 7738
8086 7734
8100 7724
8116 7704
8120 7686
8130 7676
8138 7664
8158 7650
8172 7622
8184 7608
8202 7578
8214 7558
8224 7538
8232 7524
8244 7502
8252 7486
8256 7476
8260 7466
8268 7456
8284 7430
8294 7422
8300 7404
8308 7394
8318 7358
8324 7348
8334 7332
8346 7304
8354 7294
8366 7258
8374 7234
8380 7222
8390 7206
8394 7186
8402 7176
8408 7156
8412 7136
8420 7120
8424 7112
8428 7092
8432 7088
8438 7076
8450 7060
8458 7014
8468 6996
8478 6960
8490 6944
8494 6896
8500 6872
8506 6836
8510 6832
8518 6816
8530 6750
8542 6668
8550 6618
8560 6526
8566 6488
8572 6400
8576 6328
8580 6114
