6004 6842
8578 4660
8574 4696
8570 4758
8560 4840
8550 4940
8538 5000
8532 5024
8528 5048
8520 5068
8514 5102
8506 5124
8502 5146
8496 5180
8484 5208
8480 5220
8472 5238
8464 5272
8456 5288
8452 5310
8442 5330
8436 5340
8430 5374
8418 5394
8410 5422
8402 5434
8386 5466
8376 5512
8362 5522
8346 5554
8330 5574
8326 5602
8310 5622
8302 5638
8288 5664
8276 5674
8264 5704
8248 5726
8236 5746
8228 5762
8202 5790
8194 5804
8186 5810
8176 5826
8168 5832
8160 5848
8146 5856
8142 5868
8136 5878
8128 5886
8120 5902
8104 5926
8086 5938
8080 5942
8074 5954
8064 5962
8054 5976
8038 5992
8028 6002
8016 6016
8004 6028
7992 6034
7988 6042
7978 6048
7960 6066
7954 6082
7942 6088
7932 6094
7926 6102
7916 6108
7908 6118
7894 6132
7884 6144
7874 6154
7866 6162
7854 6168
7850 6176
7842 6180
7836 6186
7832 6192
7818 6206
7810 6210
7802 6214
7794 6222
7784 6232
7776 6240
7764 6250
7754 6258
7746 6268
7730 6278
7714 6288
7700 6302
7690 6310
7674 6320
7668 6328
7650 6340
7640 6348
7628 6352
7618 6368
7594 6378
7584 6384
7570 6392
7564 6396
7550 6402
7538 6408
7528 6420
7516 6426
7500 6432
7482 6448
7464 6454
7456 6458
7448 6466
7430 6474
7424 6478
7408 6484
7388 6502
7372 6506
7364 6514
7344 6520
7334 6524
7316 6538
7286 6546
7278 6556
7260 6562
7246 6568
7226 6578
7208 6586
7190 6596
7162 6604
7146 6614
7122 6618
7116 6632
7082 6638
7066 6650
7042 6658
7026 6662
7012 6666
7002 6672
6978 6678
6970 6686
6938 6696
6914 6702
6900 6708
6874 6718
6860 6722
6836 6726
6820 6736
6780 6742
6764 6748
6728 6752
6720 6756
6702 6764
6676 6768
6646 6776
6612 6780
6556 6788
6540 6792
6484 6798
6410 6808
6360 6812
6324 6818
6266 6824
6202 6828
6146 6834
6066 6838
6196 6830
6222 6826
6304 6822
6358 6814
6394 6810
6464 6806
6520 6796
6552 6790
6584 6786
6628 6778
6672 6770
6692 6766
6716 6758
6726 6754
6754 6750
6774 6746
6790 6740
6828 6730
6846 6724
6864 6720
6884 6716
6906 6704
6930 6700
6954 6694
6972 6680
6992 6676
7008 6670
7024 6664
7028 6660
7046 6654
7078 6640
7084 6634
7120 6620
7136 6616
7152 6610
7174 6602
7192 6588
7212 6580
7236 6570
7248 6566
7264 6560
7282 6550
7300 6544
7332 6532
7336 6522
7352 6518
7368 6508
7374 6504
7406 6496
7422 6482
7426 6476
7442 6472
7454 6462
7462 6456
7468 6452
7496 6446
7512 6430
7518 6424
7534 6412
7544 6404
7558 6400
7568 6394
7582 6386
7586 6380
7604 6372
7626 6354
7638 6350
7646 6342
7656 6334
7672 6322
7682 6318
7696 6304
7712 6298
7720 6282
7744 6272
7748 6260
7760 6254
7766 6242
7780 6234
7788 6224
7800 6218
7806 6212
7812 6208
7820 6196
7834 6188
7840 6182
7844 6178
7852 6172
7856 6164
7872 6156
7876 6148
7890 6134
7906 6128
7914 6112
7924 6106
7930 6100
7940 6090
7944 6084
7958 6070
7974 6064
7980 6046
7990 6036
7996 6032
8006 6020
8020 6008
8036 5998
8046 5982
8062 5964
8068 5958
8076 5950
8082 5940
8088 5930
8108 5918
8126 5892
8134 5880
8140 5870
8144 5862
8148 5854
8166 5840
8174 5828
8184 5818
8192 5806
8196 5794
8218 5780
8232 5752
8240 5732
8256 5714
8274 5692
8278 5670
8294 5644
8304 5624
8318 5618
8328 5584
8338 5570
8360 5540
8366 5518
8384 5496
8400 5456
8406 5424
8416 5404
8422 5390
8434 5372
8438 5332
8448 5312
8454 5298
8462 5282
8470 5258
8474 5228
8482 5212
8488 5196
8498 5164
8504 5134
8512 5118
8518 5094
8522 5062
8530 5034
8534 5002
8542 4950
8556 4914
8568 4800
8572 4744
8576 4672
8580 4604
