11002	12036
11002	12036
11002	12036
11002	12036
11068	12034
11102	12032
11102	12032
11102	12032
11162	12030
11164	12026
11184	12024
11214	12022
11218	12020
11230	12016
11230	12016
11230	12016
11234	12014
11236	12012
11246	12010
11254	12008
11254	12008
11254	12008
11270	12006
11270	12006
11270	12006
11274	12004
11274	12004
11274	12004
11274	12004
11274	12004
11274	12004
11274	12004
11274	12004
11274	12004
11274	12004
11288	12000
11288	12000
11288	12000
11288	12000
11288	12000
11288	12000
11288	12000
11288	12000
11288	12000
11288	12000
11288	12000
11288	12000
11288	12000
11288	12000
11292	11998
11292	11998
11292	11998
11292	11998
11292	11998
11292	11998
11292	11998
11292	11998
11294	11996
11294	11996
11294	11996
11294	11996
11294	11996
11294	11996
11294	11996
11294	11996
11294	11996
11294	11996
11294	11996
11294	11996
11306	11994
11310	11992
11326	11990
11326	11990
11346	11988
11346	11988
11356	11984
11358	11980
11368	11976
11372	11972
11384	11970
11384	11970
11408	11966
11408	11966
11410	11960
11410	11960
11410	11960
11410	11960
11410	11960
11420	11958
11420	11958
11422	11954
11426	11952
11446	11948
11446	11948
11456	11936
11458	11934
11462	11932
11462	11932
11482	11928
11484	11922
11484	11922
11484	11922
11484	11922
11484	11922
11484	11922
11488	11920
11496	11916
11500	11914
11500	11914
11512	11908
11512	11908
11514	11904
11520	11902
11520	11902
11520	11902
11520	11902
11520	11902
11520	11902
11530	11898
11532	11894
11532	11894
11532	11894
11550	11890
11550	11890
11558	11884
11558	11884
11566	11874
11576	11872
11588	11864
11588	11864
11588	11864
11588	11864
11588	11864
11592	11858
11596	11852
11612	11850
11612	11850
11622	11838
11626	11836
11632	11832
11634	11830
11644	11824
11654	11818
11656	11812
11656	11812
11662	11810
11670	11804
11682	11796
11684	11790
11684	11790
11692	11784
11700	11778
11704	11772
11704	11772
11710	11770
11718	11764
11718	11764
11720	11758
11728	11756
11730	11750
11730	11750
11734	11748
11738	11742
11740	11738
11740	11738
11740	11738
11740	11738
11740	11738
11740	11738
11740	11738
11740	11738
11744	11736
11744	11736
11744	11736
11746	11734
11748	11730
11754	11728
11764	11724
11766	11718
11768	11714
11768	11714
11768	11714
11770	11708
11770	11708
11770	11708
11770	11708
11770	11708
11770	11708
11770	11708
11770	11708
11770	11708
11770	11708
11770	11708
11770	11708
11770	11708
11770	11708
11770	11708
11770	11708
11770	11708
11770	11708
11770	11708
11770	11708
11770	11708
11770	11708
11770	11708
11770	11708
11770	11708
11770	11708
11770	11708
11770	11708
11770	11708
11770	11708
11770	11708
11770	11708
11770	11708
11770	11708
11770	11708
11770	11708
11774	11706
11784	11704
11786	11698
11786	11698
11796	11696
11800	11690
11802	11678
11802	11678
11806	11676
11806	11676
11806	11676
11810	11672
11822	11664
11828	11660
11836	11654
11846	11650
11850	11640
11850	11640
11850	11640
11852	11634
11852	11634
11852	11634
11852	11634
11852	11634
11852	11634
11852	11634
11858	11630
11862	11622
11862	11622
11862	11622
11866	11620
11876	11608
11882	11604
11882	11604
11884	11598
11886	11590
11892	11586
11892	11586
11894	11580
11896	11570
11896	11570
11896	11570
11896	11570
11896	11570
11896	11570
11896	11570
11896	11570
11898	11568
11902	11566
11902	11566
11904	11562
11904	11562
11906	11556
11910	11554
11912	11550
11912	11550
11918	11548
11918	11548
11920	11542
11924	11536
11926	11534
11928	11532
11928	11532
11928	11532
11930	11526
11930	11526
11932	11522
11936	11520
11938	11514
11938	11514
11938	11514
11938	11514
11938	11514
11938	11514
11938	11514
11938	11514
11938	11514
11938	11514
11938	11514
11938	11514
11938	11514
11938	11514
11938	11514
11938	11514
11938	11514
11938	11514
11938	11514
11938	11514
11938	11514
11938	11514
11938	11514
11938	11514
11942	11512
11946	11506
11946	11506
11946	11506
11946	11506
11946	11506
11946	11506
11946	11506
11948	11502
11948	11502
11948	11502
11948	11502
11948	11502
11952	11498
11960	11490
11964	11482
11966	11474
11968	11470
11968	11470
11968	11470
11968	11470
11968	11470
11970	11464
11972	11460
11974	11454
11978	11452
11980	11450
11982	11444
11984	11442
11988	11430
11990	11428
11994	11422
11996	11412
11996	11412
12002	11410
12002	11410
12004	11406
12008	11398
12008	11398
12010	11392
12010	11392
12010	11392
12012	11388
12012	11388
12014	11382
12014	11382
12016	11374
12016	11374
12016	11374
12016	11374
12022	11370
12024	11358
12024	11358
12026	11352
12026	11352
12028	11346
12028	11346
12034	11340
12036	11332
12038	11328
12040	11318
12044	11316
12044	11316
12046	11310
12046	11310
12046	11310
12048	11296
12048	11296
12050	11294
12054	11288
12058	11280
12060	11266
12060	11266
12060	11266
12062	11264
12064	11260
12066	11258
12070	11242
12076	11232
12078	11214
12078	11214
12078	11214
12078	11214
12078	11214
12078	11214
12078	11214
12078	11214
12078	11214
12078	11214
12078	11214
12078	11214
12080	11212
12080	11212
12080	11212
12082	11206
12082	11206
12086	11198
12090	11182
12094	11164
12094	11164
12096	11156
12098	11146
12098	11146
12100	11136
12102	11130
12102	11130
12102	11130
12102	11130
12106	11118
12108	11114
12110	11092
12110	11092
12110	11092
12112	11086
12114	11074
12114	11074
12114	11074
12114	11074
12114	11074
12114	11074
12120	11058
12122	11038
12122	11038
12122	11038
12124	11026
12124	11026
12124	11026
12124	11026
12124	11026
12126	11020
12128	11000
12128	11000
12128	11000
12128	11000
12130	10996
12132	10980
12136	10962
12138	10932
12138	10932
12138	10932
12138	10932
12138	10932
12140	10926
12142	10914
12144	10912
12146	10898
12148	10878
12150	10866
12152	10852
12152	10852
12152	10852
12152	10852
12152	10852
12152	10852
12152	10852
12154	10840
12156	10826
12158	10808
12162	10796
12164	10768
12164	10768
12164	10768
12166	10754
12166	10754
12166	10754
12168	10734
12170	10728
12172	10686
12174	10664
12176	10638
12178	10604
12180	10542
12180	10542
12184	10508
