    100
     17    10    10
     14     3     9
      3     1     7
      8     5    11
      8     4     7
      2     1    12
     14     1    10
      1    10     6
      9     8    15
      5     8     4
     13    10     8
     17     9     3
      8     2     2
      2     7     6
      5     8     5
     19     5     2
      6     4     9
     16    10    14
     18     4     2
      7     3    12
      2     7     6
     16     7    10
      4     9     3
     14     8     2
      1     9     8
     12     4    10
     14     4    14
      6     2     4
      2    10    15
      8     4    14
     13     9    13
     17     8     5
      4     5    10
      3     9     9
     19     6    14
     19     2     4
     13     7     6
     14     2    12
      9    10     8
     17     3    14
     14     5    15
     20     3     5
     20     1     6
      5     1    14
     15     4     1
     15     9     9
     10     6    10
     18     5    12
      4     7     8
     19    10    12
      8     9     1
      2     9     9
     15     4    15
     11    10     6
      3     9     5
     11     6     1
     10     3    14
     11     4     5
      5     4     6
     16     3     4
     13     5    12
     16     3    14
     14     3    13
     11     2    12
     13     2    14
     14     8    15
     13     9     7
      5     8     3
      8    10     7
      5     8    15
      5     2    14
      9     8    14
     15     1     5
      6     1    13
     10     3    13
      8     1     7
     17     1     3
      5     8    14
      5     2    14
     19     1     5
     15     2    14
      6     6    12
     10     2     4
     18     7     2
     14     2    13
     10     8     4
     13     5    12
     14     9     1
      5     5     9
      8     2     6
      9    10    15
      8     6    11
     11     5    10
      1     1    14
      4     4     8
     17    10     2
     11     4    12
      9     7    13
     10     4     4
     17     3     4
