    100
     16     3     5
     12     3    15
      4     3    15
     18     4     2
      7     2    12
     19     2     4
     14     3     2
      6     3     8
      5    10    10
      4     2     3
     20     3     8
     14     2     5
      9     2    13
     12     7     4
     11     8    12
      6     2    11
      5     2    13
      7     4     9
      4     8     5
     12     6     7
     17     3    15
     14     3     8
      2    10    13
     13     8    13
      3     5    12
      3     6    15
     16     9    10
      9     3     4
      4    10     8
     11     1    14
      4     3    12
     18     7     2
     14     5     1
     12     1     6
     15     3     6
     14     5     3
     19     4     7
     14     1    15
      5     4     3
      2     8     7
     14     8     8
      8     9    10
     15     3     6
     20     7     1
     13     8    12
     20     1     9
      6     9     3
     16     7     2
      6     5    12
     18    10    11
     15     1    13
      3     5     3
      7     7     8
      2     8    11
     20     6     2
     17    10     2
      2     3     6
      8     9    11
     20    10    11
     11     4     4
     11     5     1
     16     6    14
     10     8     1
     20     1     4
     16     9     2
     18     9     9
     10     2     8
     16     3    11
     15     9     4
      8     9     3
      4    10     5
     18     4     8
     20     7     4
      9     3     4
     15     9     8
     11     1     6
      7    10    12
      6     1    12
     18     3     5
     12     9    11
      9     2     8
     15     7    11
      9    10     3
      5     9     2
      8     5    13
      1     9    15
      9     2     5
     16     5     8
      9    10    11
      1     7    10
     20    10     8
      8     1    15
      4     3    11
     17     9    14
      2     3     5
      9     1     8
      4     6    12
      2     5     3
      7     7     1
     11     5    10
