    100
      9     2     2
     19     6     3
     17     3    12
     15     8    15
      7     6     5
     20     5    11
      1     9     5
     17     2     7
      6     6     2
     18     7     3
      4     9    13
      2     7     5
      2     5     9
      9     4     9
     15     8     9
     11     6     3
     12    10     7
     16     9    10
     15     3     9
     10     2    14
     19     8     2
     15     8     9
     16     6     9
      6     1    10
      2     7     1
     19     8     8
      2    10     1
      8     3    14
     16    10    15
      3     5     9
     14     9    12
     18     1    13
     11     2     9
      9     7     7
     16     7     9
     15     4    14
     17     8     7
     14     1     4
     20     6     5
     13     7    10
      7     7     6
      6     7    13
     16     5     1
     15     5     5
     20     3    14
      5     4     4
     20     8    10
     10     3    10
     12     9    15
     12     3     2
     13     7     4
      9     6    15
     16     9     5
     19     9     4
     14     7     8
      8     5     7
     11     3     9
      9     4    14
     15     8    10
      6    10    14
     19     2    10
     16     5     9
     11     3    10
     10     8     2
     15     7    11
      3     5     1
      4     4    13
     19     8     8
      6     6     5
     20     2    12
     11    10     8
      8     8    10
     18     5    14
     15     2     7
     13    10    10
      3     8     6
     11     1    14
      6     6    13
     20     6     3
     14    10     4
     11     2    10
      5    10     1
      9    10    13
     16     8    12
     17     4     3
     18     5    11
     17     9     2
      8    10     1
      8     8    15
      4     2     9
     16     3    11
      2    10     8
     13     4     1
     11    10     4
     10    10     1
     12     8     1
      7     6     7
      4     6     1
     14     2     7
     20     8    13
