    100
      3     1    13
      7    10     6
     10     2    10
     11     1    13
      8    10    13
      1     8     4
      8     5     7
      9     1     6
      7     2     9
     11     2     4
      9     4     3
      9     3     4
     15     9     6
      6    10    15
     20     8     7
     15    10    10
     19     7    15
      6     5    12
      6     9    13
      9     8     5
     20     2     4
     15     2     9
     10     3     6
     20     5     6
      2     8     5
     16     1     2
      8     2     7
      7     2     9
      9    10     7
     16    10     4
      3     4    12
     17     5     9
      8     8     2
      6     3     8
     17     1    11
     17     3     9
     15     3     7
     14     2     8
     15     8     6
      5     5    12
      1     6     3
      3     5     1
     18     8    11
     10     3    10
      8     9    15
     10     6    14
     15     7     3
      4     9     4
     18     3     4
      5     7     7
     10     3    10
     16     8    12
      6     2     3
     15     9    13
      9     8    14
     19    10    11
      1     3    12
     10     9     2
     10     6     8
      1     7     9
      6     8     3
     16     4     4
     13     8     4
     20     5    14
     14     4     5
      9     1     8
     19     7     2
      2     3     5
     17     3     6
     12     5     6
     18     1    11
     18     3    12
     16     3     9
      1     2    10
     11     2    11
     15     4     6
     14     1     1
      5     2    14
      3     9     1
     17    10    12
     13     2    12
     16     3     7
     10     1     9
      7     8     7
      5     3     8
     14     2     8
      5     7    14
      1     5     9
      6     7     5
      6     7     7
     13     6    13
     15     8     2
      2     4     5
      6     1     9
     17     7    12
     14     4     9
      9     5     2
      7     6    14
      2     8    13
      9    10     1
