    100
     11    10     7
      2     7    12
     15     1     5
      5     9     9
      9     8    15
      4     4     4
      1     7    12
     12     9     5
     10     4     7
     18     3     5
     18     6    13
      4     5     2
      1     6    14
     19     3    11
      9     8     2
      4     9     9
     12     1     2
      5     5    15
      9    10     5
      5     9     3
      3     1     8
     17     1    10
     18     6    15
      8     1    13
      1    10    12
      8     6     4
      1     6     5
      5     1    13
     15    10     7
     20     9     9
      2     5    13
     17     2    15
      1     2     3
     20     6     9
     20    10     1
     20    10    15
     11     1     6
     14     2     1
      4     2    10
      8     2     2
      7     4    13
     18     1     8
      1     3     1
     20     9     4
      3     9     2
     19     2     4
      5     5     2
     11     1     6
     10     1    11
     12     3     2
      5     5     7
      9     1     6
      5     7    12
      8     1    14
     18    10    11
      2     1     6
     19     4     2
     13     8     8
     20     3     4
     11     9    15
     20     1     6
     15     2    10
     16     8     7
      1     9    10
     12     9     8
     20     4     7
      8     2    12
      8     4    15
     19     7     9
     17     2     9
     12     3     2
     19     3    15
     13     9    15
     12    10     1
      8     5    14
     20     8     7
     20     1     4
      5     4    15
      8     5    12
      1     2    13
     17     1    15
     16     9     2
     10     2    15
      8     7    13
      3     1     3
      7     5    15
      2     2     9
      6     4     9
      3     4    14
     10     7     5
      5     3     2
      2     4     5
     20     6    14
     16     2     4
     11     1     4
     19     7    10
     13     3     8
     11     8    11
     18    10    10
      6     6     8
