    100
      2     4     8
      4     9    12
     12     4     2
      1    10     4
      6     8     3
     18    10    11
      7     7    14
     14     4     8
      3     4     4
     10     6     3
     15     7     3
      6     6     6
     16     8     1
     16     1    13
      6     8    14
      2     8     4
     19     5     5
     17     9     7
     13     3     1
     13     1    15
     16     9    13
     13     9     8
      8     3     1
     19     5     2
      3     4     9
      7     3     6
      9     7     4
     10     4     9
     11    10     1
     19     6     4
     15     8    11
     18     3     7
     18     8     8
     15     4     6
     13     9     4
     12     7     8
      1    10     8
     14     1    11
     10     1     1
     10    10     5
      1     9    11
     11     1     6
     13    10    11
      5     9    11
      5     3    11
     15     8    14
     11    10    11
      2     1     8
     20     1     8
      4     6     6
     18     5     7
     16     3     6
     17     4    11
      6     7     3
      5     5    10
      5     5    13
     13     2     3
      6     4     7
      4     1    13
     16     8     8
      4     9     7
     16     7     3
      8     3     7
      9     4     7
     17     1     8
     12     2     2
     15     9     3
     13     7    13
      4     1     3
     16     6     9
     17     9     2
      8     9     6
      2     9     8
      4     4     1
     16     7     7
     19     4     6
      4    10    11
      6     5    12
     15     9     7
     10     8     3
      8     3     7
      4     4     6
      8     9     7
     15     9     6
     19     6     8
      5     2     4
     20     4     7
      3    10    15
     11     1     7
     19     2    11
      4     6     6
     15     3     6
     15     2     7
      2     9    10
     15     6     9
      7     5    15
      2     7     2
     20     5     5
     19     1    10
      3     2     7
