    100
      4     9     3
      9    10    15
      8    10     2
      1     2     7
      9     2     8
      5     7    12
      8     3    15
      4     8     4
     11    10    14
     12     9     5
      2     2     3
     12     1     1
     14     9    10
     15    10     2
     14     8    15
      8     3     1
     19     9    10
     15     1     2
     20     5     9
      4     5    10
      5     5    10
     18     6    11
     12     2    12
      1     4    10
     20     1    15
      4     9    13
      7     8    11
      4     1     8
      7    10    14
     12     4     4
     12    10    13
     17     6    11
     18     9    12
     17     2    10
      2     4     4
      2     9    10
      9     6     6
     14     3     5
     19     4    11
     20    10     4
     20     3    10
     15     9    12
      3     6    11
     14     7     8
     10     5     3
      4     5    14
     19     4    10
      5     7    15
     15     5    15
      6     7     8
      3     1    13
     15     3     3
     15     9     9
      4     1     8
     12     1     2
     13     6    10
      9     4     5
     14     3    11
     15     1     2
      5     5    10
      7     8    15
     15     1     5
     17     3     1
     11     6     7
     12     7     2
      5    10    14
      3     4     2
     11     9    12
     10     4    10
      9     5     3
     19     4     5
      9     7     2
     11     7    10
     17     9     4
      6     6    15
     12     4     7
      4     1     6
      5    10    15
     11     8    10
      4     2     5
     18     1     2
      7     2     7
     11     3    11
     19     6     8
     12    10     7
      3     1    11
     10    10     6
     19     9     2
      2     3     3
     12     2     4
      2     6     4
     15     3    14
      9     6     4
     10     2     8
     19     7    15
      2     3     3
     16     3     3
     13     8     9
      5     6    15
     14     9    11
