    500
      4     4     3
      4     6    14
     20     9    15
     11     8    10
      5     7     2
      1     4    13
     16     1    14
     12     1     8
     11     9     7
     13     7     8
      3     6    13
      6     3     5
      2     8     6
     14     7    13
     13     3     6
     20     2     9
     17     3     9
     15     2     8
     18     4     1
     10     4     7
     13     1     2
     20     6     9
      4     3     6
     10     6     8
     17     3    14
     16     7    14
     16     3    12
     14     5    13
      8     8     6
     19     7    11
     10     9     3
      1     2     4
      1     8     8
      5     8     3
     13    10     1
     12     3     8
     18     3     8
     11     6     7
     19     1     4
      7     2    14
      5     8     3
      4     4    11
      4    10     4
      4     6     3
     18     7    11
      8    10    14
      5     9     8
      6     6     4
      3     8     6
     15     7     8
      7     2     1
     18     6     3
     19     6    15
      9     8    11
     20     6    12
     20     9     7
     12     9     7
     13     8    14
      8     2     7
      3     6    11
     18     5     8
      8     8    10
     10     3    11
     16     3    10
      6     4    14
     20     8     3
     15     7    10
      3     9    13
     20     7    11
      3     2     9
     18    10    15
     16     7    14
     16     2     5
     17     7    12
     18     9     7
     15     1    15
      3     4     5
      3     9     7
     17     1     6
      6     6    14
      5     4    13
     19    10     8
     11     5     6
      1     4    10
     14     4    11
     10     1    10
     20     1     8
     17    10    11
     18     3     5
     19     7     5
      8     7     3
     11     1    14
      7     1     8
     12     5    10
      8     4    10
      4     2    10
      8     7    14
      2     8     7
     15     8     6
      3    10     4
     16     2    14
     20     3     3
     11     7    13
     11    10    13
     11     8     2
     13     1     5
      5     8     2
     15     1     7
     16     1    15
     16     2    14
     13     5    11
     12     6     7
      5     8     9
     15     8     4
      9     5    12
      8     7    10
      3     8     9
      6     1     2
      5     3     9
     13     4     6
     18     5     3
      9     8     7
      9     8     7
     15     4     9
      3     2    15
     17     4    11
     12     9     7
      1     3    10
      4     4     4
      5     7     7
      8     3     8
      7     6    11
     17     7     4
      2     2     6
     13     3     1
      5     7     2
     19     2    11
      5     3     4
      9     2     1
     16    10    11
     13     6    13
      1     3    10
      1     4     6
     18     4    15
     11     1    15
     10     7     7
      3     4     3
     15     4    11
     12     3     9
      9     9    11
      2    10     3
     20     2     8
      7     6     2
      5    10     9
      9     8     8
      9     3    14
      2     3     7
      7     7    11
      3     1     8
      3     9     9
     19     8     2
      8     4     4
     18    10     8
     20     8     2
     13     1     6
     13     3    10
     10     2    13
     13     1    11
      5     7     2
     11     4     5
      3     2     3
      8     6    10
     14     6     7
     15     3     6
      4     7     1
     11     2    10
     15     3     9
     18     4     1
     19     2     8
      4     3    13
     10    10    11
     16     5     4
      9     8     9
     18     9    12
     20     1     9
      5     4     8
      4     8    11
      5     9    10
      2     3    12
      8     5    11
     11     1    12
      6     5     8
     14     3     6
     14     9    12
     17     5     3
     16     1    12
     18     4    14
     15     1     8
      6     7     9
      5     7     6
     16    10     5
      8     9    10
     16    10     3
      3     2     8
      4     1     8
     19     1    12
     14     8    14
      1    10     3
     20     7     7
     13     4     2
      6     1     1
      6     6     8
     19     2    15
      3     7    14
      7     7     6
      7     2    10
      5     3    15
     14     6     5
      8     4    12
      7     8    14
      2     4     7
      3     5     1
     20     3    10
      5     8    11
      8     9     1
      6    10     3
      1     2     5
      2     6    15
     12    10    11
     16     9     9
      1    10    14
     15     2    11
     16     4    13
     18    10     7
      6     3    13
      1     9     4
      8     6    14
      8     4     5
      7     1     2
      6     8    12
     12     6     6
     16     2    15
     17     5     2
      8     5     8
     15    10    12
     11     9     3
      5     3    10
     11     3     4
      5     5    13
      1    10    13
      5     8    14
     14     7     1
      9     1     9
     14     2     1
      4     2    10
     13    10     7
     12     8    15
      4     6     6
     17     3     7
     17     9     3
      4     8     3
     17     6    13
     17     9     8
     12    10    15
      1     8     2
     18     9     1
     20     7     6
     20    10     4
      6     9     3
      9    10    10
      7     8    10
      4    10     2
     19     2     9
     16     4     1
      7     3     9
     13     3    14
      1     1     1
      6     4     1
     12     3     4
      8     2     3
     10     9    10
     14     2     9
      9    10     9
     14     9    13
     20     4     5
      3     5    12
     18     1    14
      4     1    13
     13     1     9
     20     3     5
      6     7     4
     19     9     9
     19     3    14
     11     5    10
     15     1     4
      7     5     3
     13     5    12
     13     6     9
      1     1    14
      5     2     9
      2     7     7
      9     2     4
     16     7    14
      7     4    11
      1     7     5
      1     4     6
      5     9     4
      9     8    13
      4     6    13
      4     2     2
      2     4    13
     10     1     9
      3     8     9
     19     3    13
      6     9     2
     17     9     7
      5     8    10
      1     8     2
      7     7    11
     10     6     1
      6     9     1
      2     5     7
     18     9    13
     19     7    14
     10     5     2
      2     6     5
      3     4     5
     18     3    11
     11     5    10
     12     4     2
      9     1     6
      3    10     5
     17    10     5
     15     1     7
     13     9     7
     20     8    12
      5     7     2
      2     7    10
     12     8     9
     18     7    15
      3     7    13
      6     1    11
     11     2     7
     13     7    12
      7     3     3
     12     6     4
     13     5    13
     12     3    13
      3     1     4
     10     9     1
     16     4     6
      2     9    11
      6     1     9
     14     4    15
      5     9     3
     12    10     1
      2     6     2
      4     3    14
     11     9     5
      5     6     9
     11     5    11
     14     5     5
      6     2    11
     12    10     2
     11     5    15
     13     7     5
      8     2     5
      7     6     6
      3     3    15
     17    10     9
      9    10     6
      5     7     6
      9     8    12
      2     1    13
      8     8     2
      2     3    14
     19     6     9
      9     8     7
     18     3     7
     18     3    14
      6     1    10
     12     2     7
     11     1     7
     11     2    12
     14     3    12
      4     2     9
     20     9     1
     13     6     4
     13     7    10
     12     2     3
     12     3     9
      8     3    14
      2     9     2
      5     3     4
      2     1    15
     17     5    13
     13     9     5
     18     1    10
     20     1     6
      3     5    12
     16     3     4
      3     3    15
     10     9     2
      3     5     6
      5     5     9
     18     1    15
     16     3     2
     19     5     4
      9     8     3
      8     6    15
      1     5     3
      1     3     9
     17     7     7
      3     6     3
      6     2     2
     18     8     2
      1     3    12
      7     7     9
      3     2     6
      2     8    12
      8     8    15
      5    10     9
      2     5     1
     16     2     5
     10     9     3
      5     1     3
     18     3     7
      8     5    13
      3    10     2
     15     2     1
     12     4    14
     12     1     8
      1     6     9
     12     6     6
     13     1    13
      3     4    12
     12     4     3
      6     3     3
      6     2     5
     12     6     6
      4    10     2
     14    10    11
      3     7     7
     15    10    11
     10     1     3
     12     8     9
      5     2    12
     20     4     7
      4     4    12
     16     6     4
     13    10     8
      2     9     8
     17     6    15
      6     5     7
     11     8     1
      7     3    11
     14     5    12
      5     9     5
      6     8     1
      6     8    12
      2     9    11
      1     9    13
      5     7     4
     20     7     9
      2     3     1
     20     6     7
     12     7     9
     11     8     3
     16     8     7
     14     5     2
     11     8     6
     11     8     6
      7     5     1
     12     4    12
      6     2    10
     19     3     9
     10    10     5
      6     8     6
     15     3     3
     13     6     1
     16     6    11
     11     3    14
     16    10     2
      8     8    11
     20     8     1
      8     7    14
     11     4     2
     13     3    14
     20    10     1
      7     1     3
      9     1    13
     14     7    10
      4     1    14
     14     2     9
     20     6     5
      6    10    13
     18     8    10
      9     7    12
      3     6    15
     18     7    14
