    500
     15     8     4
      7     9    14
     17     2    13
      7     9     6
      2     7     5
     15    10     5
      2    10     1
     14     6    12
      5     9     3
      5    10     5
     20     7     3
      8     3     9
     17    10     9
     11     5     1
     10     4     2
     18     1     5
      3     6    12
      7     6     1
      2     6    12
     17     6     4
      6     9     7
     16     3     6
     14     1     6
      1    10    12
     19     7    12
     14     4     1
      5     4    11
     20     7     8
      5     8    15
     18     4     6
      3     2     2
      2     3    10
     18     4    12
     20     7    14
      6     9     4
      4     9     1
      9     1     9
     11     4     1
      6    10    10
      9    10     2
     19     2     1
     17     4     9
     16     7    14
     10     6    10
     20     1     5
      3     6    10
     11     4     1
     17     6     6
     14     8     3
      7    10    12
     19     2     1
      5     8     3
     11     4    14
      7     4    14
      7     1    12
      3     4    14
      6     8     8
      7     4    13
     13     1     1
      9     5     5
      2     3     9
      9     2     4
      2     8    11
      4     8     7
     10     6    14
     12     6    12
      3     4     1
      8     3    12
      5     1     6
      2     6     9
      3     5    14
      5     3     5
      5     1    13
      9     2    12
      6     1    15
     14     7    15
      6     3    12
      4    10     4
      4     6     1
     14     3     4
     16     6     4
      7     5    13
      9     2    13
      7     6     4
     10     9     1
      9     9    14
     19     3     6
     14     7     2
      5    10    13
      7     2    11
      6    10     7
      4    10    15
      3     8    15
     18     2     1
     12    10    15
     11    10    15
     17     1     8
     12     5     1
     16     9     6
     20     7     3
     19     2     3
      1     9    10
      8     3     6
     19     6     1
     18     2     4
     14     8     5
     14    10     8
      9     3     9
      1     3    14
      5     1    10
     13     3     1
      1     9    12
      5     1    12
      3     6     2
     10     3     7
      4     8    11
     20     4    10
     13     9    13
     20     4     9
     13     5     1
      5     2     4
     19     8    14
      7     4    15
     18     4    11
      6     8    11
      6     5    15
     20     1    13
      6     8     1
     11     8     7
     11     8    15
      6     7    14
     11     9     5
      6     9     6
      8     3     4
      1     8     1
     19    10     9
     15     2    13
      8     2    14
      6     1     2
      1     5    12
      5     3    15
      4     5     6
      8     5     3
     14     2    12
      5     4     6
     19     1    13
      2     1     6
     13     3     4
     13     9     4
     20     3    12
      4     4     3
      5     6    14
     18     6    10
     13    10     5
      3     6     5
     17     7    13
     16     3    10
     12     9     7
     17     1     3
      3     3    14
      4     1     1
     14    10    12
     13     5     7
     18     2     9
     19    10     3
      2     3     8
      5     1     1
     12     9    12
     19     9    15
      1     7     2
     20     4    12
      9     4     9
      9     3     5
     16     2     3
     10    10     5
     18     3     9
     15     4     6
     16     6     6
     15     9    10
     18     2    15
      5     1     8
      4     1    11
     16     1    12
     13     2     6
     10    10    11
      3     7     9
      7     1     8
      4     5    15
     17     9    14
     18     6    13
      5     6     4
      7     5     5
      3     3     1
      8     3     6
      9    10     3
     15     6    11
     18     9     1
      9     5     6
     15     2     6
     19     4     1
      5     3     9
      5     5     6
     10     7     3
     19     1     2
     15     8     6
      3     7     2
      2    10     6
      4     7    15
     13     9     5
     14     7     9
      5     4     2
     18     9    11
     18     4     1
     19     2     5
      8     1    11
     17     5    12
      9     9    10
     14     7     2
     11     1    15
     15     7     5
     20     8     1
      4     5    15
      2     5     6
     14     1     9
      7     5     7
      1     4     6
      3     5    14
      4     1    11
      6     5     3
      6     2    12
      1     2    10
     16     6     6
     12     1     9
     11    10     4
      6     1     8
     13     6     6
      5     6    14
     11     1    13
     10     8    12
     10     9     7
     18     3    10
      4     4     5
     15     8    14
     10     8     6
     15    10    13
      9     9     2
     14     9     3
     11     8    15
     12     3     4
      6     3     9
     12     3    13
     12    10     9
     15     1     8
      7     3    15
      1     2     1
      2     2    10
      3     8     3
     15     2    11
     17     2    15
      8     6     3
      5     5    12
      3     2     2
     10     3     3
     15     1    13
      6     2     8
     19     9    15
      1     5     2
     10     9     4
      5     6     1
      5    10     1
     13     7    10
     14     6     7
     15     5    10
      3     6     8
      7     6     7
      4     5    11
     13    10    14
     18     6    11
     13     1     8
      4     2    13
      5     7    10
     17     7    15
      2     6     5
     14    10     4
     19     5    15
     17     1     7
     20     3     7
     20     4    14
     13     3     2
      7     9     1
     12    10    11
      3     7    13
     17     4     7
     10     3     4
     12     2    13
     13     6     8
      1     8     3
      9     5     8
     14     8     5
     12     7    12
     15     1     7
     17     6     1
      3     3     3
      7     2     7
     13     4    11
      4     7    13
      8     1     9
     16     8     1
      1     6     8
     14     7     2
     16    10     7
     20     3     7
     18     7     6
     18     4    10
      3     8     1
     18     1     9
     11     3    13
      9    10    12
     13     8    13
      2     1    14
      9     7    15
      9     3     9
     20     6    10
     11     2     6
      1     8    15
     19    10     4
     15     5    15
     11     6    11
      8    10     4
      2     7    12
      7     9     3
     18     2    13
     17    10     7
     11     9    14
     20     8     9
      6     7     7
      1     5    10
     20    10    12
     18    10     8
     18     1     2
     17     2    15
     16    10     6
     17     6     2
     18     3     8
     11     9    11
     15    10     6
      7    10     9
     12     2     9
     12     1     2
      6    10     3
      4    10    15
      9    10     4
      3     8    10
      9     4     1
     20     8    15
     19     8     5
      7     3     2
     17     1     9
     13     5     7
      2     4    15
      6     4    12
     18     8     4
     13     1     1
     17     6     4
     10     3    12
      4     5     1
      9     7     6
      2     5     3
      4     2    11
     15     5     6
     20     3    10
     19     1    13
      4     4    12
      9     4    11
     18     7     6
     14     5     6
     19     3     7
     11     8     5
     20     9    12
     11     2    15
     17     4    11
      8     4     9
      6     8     8
     12    10    12
     18     5    13
     10     9    10
     18     8     2
      2     4    13
     13     3     6
     13     1     3
      5     4    13
     12     8     8
      5     9     6
      4     3    10
      1     6    14
      6     8     6
      4     9    13
     11     3     8
     14     8     3
     19     6     5
      8     6    13
     18     4    11
      5     2     7
      3     2     3
     13    10     4
     16     9     8
     10     1     3
      7     6    12
      5     5     6
      2     2     4
      6     1     2
      6     1    14
      5    10    11
      2     2     2
     16     2     5
      6     6    15
      5     4     3
     19     8    14
      8     4     3
     14     7    15
     14     9     1
     15     4    12
     19     5    11
      8     7     1
      8     8     5
     20     4     9
     15    10    15
      9     5    14
     18     3    10
     20     2    15
      4     7    10
     17     8    10
     20     6    15
      6     9     6
      3    10     4
     18     3    12
      1     8     3
     16    10    11
     10     8     5
      3     2    12
      5     1    14
      2     5    10
     12     8    11
     18     8     2
     12    10    15
     16     5    13
      1     2     8
     15     5    15
     11     3    14
     20     2     9
     18     4     9
     14     6    13
     20     9     1
     19     2     6
      1     4     2
      6     5    13
      7     8     5
     17     7     2
      5    10    11
      5     6     7
      6     8     1
     17     8     1
      3    10    13
      2     7    12
     11     1     2
     15     9    13
     10     8    12
      9     5     8
     14     8    13
     10     3     2
      2     1    10
      6     8    13
     15     3    12
     16     6    14
      2     6     2
      7     2     7
     14     2    14
     14     3     2
     14     6     5
     20     2     5
     20     3     9
     15    10     8
      8     7     5
      5     1     2
      6     9     5
      2     3     3
      1     8     8
     11     4    13
     17     9    12
     17    10     6
      6     7    11
     14     7     5
      8     9    11
     10     3     8
     15     3     6
     15     4     5
      8     3     2
     15    10     6
     13     2    14
     19     2     9
