    500
     17     3    14
     12     9     2
     13     9    13
      7     1     8
      5     1    10
      2     7     6
      2     7     2
      3    10     7
     12     5    13
      6     2     8
      8     1     3
     14     9     4
     15     1     3
     11     4     4
     18     3     4
      4     6     1
      4    10     2
      5     8    10
      9     9     5
      8    10    13
     15     5     4
     20    10     9
     18    10     2
      3     9     5
     16     4     3
     12    10     8
      2     5     3
     13     5     8
      1     8    13
     11     1     6
     20     4     3
      1     5    14
     18     5     1
      2     4     4
     15     4     4
     13     1     4
     16     7     7
     11     6    11
     14     3     5
     19    10     1
     18     7     1
      1     2    14
      5     2    15
     19     3     8
      5     3    13
     13     3     9
     19     8    15
     20     2    12
      9     2    10
      9    10    13
      4     8     7
      4     8    15
      9     9    12
      6     8     4
     14     7     4
     11     5    11
      2     9    10
     14     2     2
      3     1     5
     17     2     6
      5     2     1
      8     7     5
     12     8     5
      6    10     7
      5     2     8
      5     4    10
     10     9    15
      6     5    11
     10     4    12
     15     5     3
      5     1     3
      6     1     1
     14    10    15
      2     6    15
     16    10     9
      8     7    15
      6     4     7
      3     4     8
     20     4     4
      8     7     7
      6     4    14
     10     3    13
     12     5     2
     11     3     5
      3     3     1
      7     8     6
      8     9     5
      9     5     3
     17     2    10
      1     2     4
      4    10     5
      4    10     7
     16     2    12
      7     5    14
     16     1     6
      7     8     3
     10     7     9
      4     8     6
      2     4    11
     11     3     7
     12     4     1
     11     8     5
     16     4    15
     17     5    15
      2     9    14
      8     7     8
      3     8     1
      4     3     4
     14     9     3
     14     2    12
     17     1    10
     10     4     9
     14     6     5
      9     3     7
      5     3    10
      8     4     4
     12     1     6
     20     7    14
      6     9     6
      1     8    10
      5     2     8
     15     8     5
     10     9     6
      3     6     2
      3     6     7
     19     4     4
     19     2    15
     20     6     6
      7     8     7
     19     7     5
     16     6    13
     15     3     6
     20     2     7
     16     2     9
     11    10     1
     10     1     1
      3     7     2
      8     4     5
      2     5     6
     11     4    14
      7     3     7
     17     7     5
     16     4     9
      3     5     4
      1     3    13
      4     6    15
     19     9    12
      4     1     4
     12     8     1
     15     4     5
     10     7     2
      3     6    10
      5     9    12
     12     6     4
     18     2     3
      3    10     2
     15     7    12
      3     7     6
     16     5    15
      7     7     1
     14     3     8
     11     5     8
     11     1    11
      9     7    10
      7     3     1
      3     1     8
     18    10    12
     17    10    14
      6     9     8
     17     1    12
      3     3    13
     15     7     1
     15     1    13
     14     5     3
      6     8     6
     17     4    13
     11     5     4
     14     5    12
     12     3    14
     14     5     9
     19     6     5
      6     2    15
     11     9     8
      7     7     7
     10     9    12
     13     4    11
     12     8     5
     17     6     9
     19     6     3
     18     3    11
     17    10    13
     10     9    15
     12     3    13
     19     7    13
     10     4    11
     16     2     6
     14     9     2
      8     4    14
      8     8     1
     10     8    13
     10     2     4
      9     5     8
      6     8    12
     20     7     9
     13     2     9
      6     8     2
      8     1     6
     20     9     1
     17     4     2
      5     1    13
      6     4     1
     20     5    11
     15     7    14
     15     7     9
      2     6     4
     20    10    12
      1     2    12
      6     8     2
     20     9    12
     13     2     1
     11    10     9
     19     1    10
     20     2    13
      7     7    11
     16    10    12
     11     4     3
     13     8    12
     14     7     1
      5     5     3
      2     7    11
      4     8    14
     15     4     3
     17     3    14
     12     2     8
     10     5    11
      7     3    12
      4     4     8
      8     8     7
     18     2     7
     13     2    15
      3     7     3
     14     2    14
     17     6     2
      3     6     5
     15    10     8
     12     1     1
      7     3     2
      6     4    14
     20     9     3
      7     9    11
     20     2    14
     19     2     5
      8     7     7
     11     2     7
     17     2     9
      7     5    15
     13     6     5
      6     5    12
      9     1     2
     19    10     9
      3     8    13
      8     9     9
     14     1     9
     20    10    12
     20     7    13
      9     6    10
      8     1    13
     19     6     1
     18     4     9
     18     4    15
     17     7     3
     14     6    10
     15     7    15
     11     8     3
      3     7     3
     11     7    12
     14     5     1
     12     5    11
     16     9    12
     13     8     4
      3     7     3
      9     3     8
      6     7     1
      2     2     3
     20     3     6
     20     4    14
      9     2     3
      9     4     7
      9     7    10
      6     6     6
     17     8    12
     18     9    11
     20     6    13
      7     8     3
      3     5    12
      2     7     5
      8     6     4
     10     6    12
     18     6     1
     16     3     5
     12     4    10
      3     1    10
      3     2     4
     15     6     5
     19     9    10
     16     8     4
     20     7     2
     11     8    15
      1     2     8
     18     9    12
     15     1     6
      3     3     9
     20     6     1
     11     8    11
     10     1     3
     20     3    10
     11     3     7
      4    10     3
     10     9     8
      3     3     1
     13     9     5
     12     8     9
     10     1    10
     16     2     1
     16     4     2
      6     9     3
      5     2     9
     16     6     5
     16    10     2
     18     2     9
      5     9     9
     20     6     7
      9     7     7
      8     3    15
     11     9     3
      3    10     7
     18     7    12
     11    10     1
      3     6     6
      6     2     5
      8     8     3
     13     7    12
     10    10     8
      1     7    12
      7     4    13
     15     7    12
      6     3     1
      8     3    14
     13     3     2
      6     5     4
     14     3    13
     12     7    15
     19     6    12
      2     5    12
     10     7     6
      3    10     6
     18     8     5
      5     6     3
      3    10    13
     13     2    14
     12     7     2
     18    10     6
      1     8    14
     19     9    14
      3     4    13
      3     8     3
     20     3     1
     12     4     1
      7     9    15
     18     3    13
      7     2     5
      3    10    14
     14     9     6
     12     5    14
      6     6     1
      8     5    13
     15     3    13
     16     4     5
     14     4    12
      7     5     5
     20     8     9
     17     7     7
     16     7    10
     19    10     6
     13     6    12
      7     7    15
     20     4    12
      3    10    12
      9     4     2
      4     3     5
      5     3    15
      7    10     9
     18     1    10
     13     9    12
     15     2     6
      3     4    15
     11     7     1
     12     2    13
     13     7    13
      8     9    13
     18     3     2
     16     5    13
      7     4     7
      3     4     4
     19     2     3
     18     7    14
     17     5     5
     17     1    14
      5     1     8
     14     5     8
      4     1     9
     20     7     5
      7     2     9
     15     5    12
      8    10     5
      8     4    12
      4     5     4
     12     3     2
     18     9     9
     12     1    11
     11    10    11
     15     9     2
     19     5    11
     10     1     3
      2     9     8
      6    10     5
     14     4     6
      4     5     4
     20     4     3
      9     2    13
     17    10    12
     11     1     1
     17     4     1
      5     7    15
     15     1     8
     20    10     1
      6     7    12
     17     9     2
     17     5     5
     10     4    14
     20     7     9
     13     3    12
     14     4    12
     14     8    10
     17     5    13
     15     4     5
     14     6    10
     10     8     3
     10     2    12
     11     1    11
     12     9    13
      4    10    10
     17     3    12
      7     7     4
     17     7    10
     11     4     5
      7     2    10
     19    10    11
     18    10     2
     10     3     1
      2     9     5
      1     8    15
     10     3    11
      8     3    14
     16     4     1
      5     7    15
     13     5     8
     16     3    14
     12     4    12
     15     9     5
     13     9     2
     20     9    11
     13     6     2
     19     5     6
     15     7    15
     10     9     1
     13     9    10
      9     3    10
      4     6    14
     15     7    12
      8     8     8
     11     3    12
      1     1     5
     17    10     3
      7     8     1
     13     4     1
      5     1     4
      1     3     9
     17     6     8
     13     2     8
      2     6     7
     18     1    11
      7     6     6
     15    10    12
      4     6    10
     20     3     5
      4     3     6
     12     4     4
     13     3     6
      6     6     6
