    500
      5     1     7
      7     6     9
     19     7     8
      1     9     4
      6     9    12
      5     2     6
     16     9     7
      6     8     6
     15     7    12
     13     3     9
     17     3    13
      9    10     3
      1     8    11
      4     7    15
      7     3    14
     13     4    15
     17     5     4
      4     8    13
     12    10    13
      5     1    12
     18     4     8
      2     9    10
      6     3    11
     11     6    12
     15     6    10
      5     5    10
     15     9    15
     11     4    12
      7     8    12
     16    10    11
     19     5     4
     20     3     6
     11     8     2
     15     7     5
     18     2     9
     16     9    10
     12     6     7
     12     7     4
      3     7     9
      2     7     6
      5     5    11
     16     8     6
      8     8     5
      9     9     2
     20     3    15
      3     9    14
      9     6    15
      8     4    15
      1    10     2
     16     7     9
     19    10     4
     17     1     9
      8     4     7
     19    10     6
      3     9     1
     14     5     6
     20    10     1
     17     2     8
     13     7     2
      7     5    12
     19     5     4
      8     5    11
     15     7     8
      7     4     3
      3     7    11
     16     7     9
     19     4     9
     12     5     5
     12     8    15
     19     2     6
     19     3     9
      7     1     4
     10     6     6
     14     4     6
     13     3    12
     12     1     1
     13     4    11
      3     6     9
      5     1    15
     13     8     7
     10     4     3
     10     9     8
     13     7     8
     13     2    11
     20     2    10
     19     1    14
      5     4    15
     15     5     4
     14     9     3
      5     2     1
     17     7     9
     10     6    10
     14     3     6
     16     7     9
     10     4    13
     12     1     4
     15     5    14
      9     9     2
     18     6     8
      8     9    13
      3     9     5
     15     8     8
      5     7     3
     10     5     5
      4     1     7
     20     1    14
     19     7    13
      2     6    12
     12     4    10
     11     2     7
      5     4     9
      7     8    13
     10    10    13
     17     2    14
     17    10     6
     10     9     7
      9     6    14
      9    10    10
      8     1    15
     17     5     3
     18     5     5
      6     9     3
     11    10     3
     18    10     4
      2     6     6
      4     3     6
     12     9     1
     18     2    13
     12     4    12
      9     6     2
     13     3     7
     10     8    11
      4     3    12
      6     2     1
      8     4     1
     20     7    13
     13     9    13
     15     4     7
      7     9     3
      1     4     5
     14     6     9
      8     4    10
      5     3     1
     13     6    11
     19     6    10
     13     4    15
     11     8    14
      1     3     3
     12     8    15
      7     4     7
      5     2     2
      9     2    14
     20     3     3
      5     8     9
     17     1     7
     12     5     8
      1     4     8
     13     6    11
      2     3    13
     15     1     2
      4     4     5
     17     6     2
     18     2     2
      5     5    10
     17     7     5
      4     7     2
     16     6    11
      5     7     5
      8     3     6
     10     6    10
      4     6     3
     11     8    13
     17    10    10
     14     9    13
     12     1     1
     10     8     4
      4     9     9
      6     8     4
     17     4    11
     12     9     3
     17     8     9
      7     5     6
     16     2     7
      5     2    13
     10     5     2
     10     3     1
      7     6    10
      2    10     7
     12     2    14
     18     8    10
      7     8     2
     18     7    14
      9     3    13
      9     1     1
     17     3    14
     17     4    10
      6     9     7
     14     1    12
     12    10    14
      1     9    12
     18     5     3
     10     9     3
      4     5    15
     13     5    11
     13     3    10
      1     2    12
     17     8     6
     19     6    11
     12     9     5
      9     6     4
      7     1     1
      7     4     1
      7     9    14
      1     9     1
     14     4     2
      8     5     2
     11     9     8
     10     2    12
      3     9    11
      6    10     4
      8    10    11
     10     3    14
     20     1     6
     11     6    12
     13     2     4
      1    10     2
     17     9    11
     18     9     2
     11     5     3
     13     2     1
     12     3     1
     14     6     2
     19    10    15
     19     6     9
     18    10     7
     18     3    14
     17    10    12
      7     7    10
     20     3    15
      8     9     8
      5     8    10
     11     1    13
     18     9     3
     14     9    15
     14    10     2
     13     4    10
     12     5     2
     18     7     4
      9     7    13
      1     8     7
      9     2    15
      8     3    14
      6    10     1
      5     1     4
      2     3     6
     16     7     2
     17     2     1
     10     2     7
     13     8     8
      3     1     6
      3     9     3
      9     5     1
      9     4    10
     14     9     7
     18     5     4
     13     8    14
      4    10    12
     15     9    10
      2     4     7
     16     2     9
     19     3     6
     14     9    12
      8     8    12
     20     5     6
     15     4     7
      6     4     7
      2     3     2
      3     8     1
      4     2    13
      3    10     5
      9     4     6
     19     5     6
      1    10    15
     19    10    12
      1     2     7
     14     1     1
     13     6    12
     18     1     9
      1     8    13
     19     2     8
     19    10    12
     16    10    15
      1     4    10
     20     3     2
     20     3    11
     11     1     9
     17     9     5
      4     6     3
     13     5     5
     17     5    13
     10     9    15
     12     9     8
     16     1    14
     11     1    10
     14     5     5
      7     5     1
     11     2    15
     16     9     4
     14     3    14
      6     3    15
      2     5     5
     11     6    10
     13     3    14
     15    10     6
     19     6     4
      8     1    15
      5     3    15
      9     3     5
     16     3     1
     10     7     2
      7    10    11
     13     2    14
     13     6     5
     11     2     5
      8     3     3
     16     5    13
      8     7     2
     11     3     8
      5    10     1
     10     7     8
     17     5     1
     14     8    10
     14     9    12
     14     8    15
      8     9    11
      9     4    12
      4     8     2
      7     7    12
      5     1     1
      3     2     1
     18    10    14
      5     9    13
      8     4    10
     15     9    14
      5     6     4
      2     9    14
     12     7     9
      1     4    15
     13     8    12
     20     6     9
     11     1    12
     14     2     9
      4     5     2
     20     9     6
     20     4    13
      5     1     2
      8     3    11
      8    10    11
      6     1    15
     10     5     8
     15     1    14
      4     1     6
     10     1     3
     13     6     7
      8     1     8
      3     9    13
      4     4    10
      1     1     5
     14     1     2
     19     9     5
      3     5     3
     17     7    14
      4    10     9
     13     1    14
      2     3    15
     20     9    10
      7     6     5
     12     7    15
      5     5     7
      6    10     1
      7     3     9
      7     8     6
      6    10    15
     15     7     9
     11     3    11
     12     6    12
      1     2     6
      4     9    11
     20     7     1
      8     3    11
     12     3    10
      6     4    15
      9     4    12
      9     1    13
     19     4     4
     15     3     3
      7     4     6
     19     5     5
     20    10    12
     18     7     1
      1     2    13
      2     8     8
      1     5     1
      3     1    15
      8     6     8
     19    10    11
     19    10    10
     14     3     5
     19     6     4
      4     3     9
     11     5     6
     18     6    12
      8     3    14
     19     3    15
     13     5    10
      9     7     1
     10     9     5
      3     5     3
      8     4     1
     11     5    10
     16     4     5
     15     7     4
     12     5     1
     17     9    13
      7     9     4
      8     9     8
      7     5     3
     16     5     1
     13     1     6
     19     2     7
      8    10     7
      9     2     3
      9    10     2
     12    10     3
     18     1    15
     14     2     7
     14     3    15
     17     2    14
     19     1     5
      5     2    14
     12     3     7
     10     8    12
     14    10     7
     13     5     7
     12     3     2
      1     8    13
     11     4     5
      8     5     8
      4     8    11
      2     1    12
     10     7    10
      7     1    14
     16     8     5
      9     2    14
      9     5    13
     19     8     7
     14     7     7
      6     1     9
      2     4     4
     18     2     9
     20     9     6
      3     4     4
     19     4    10
      3     6    10
      5     4     1
     15    10    15
     14    10     6
      5     2     6
      5     6     7
     17     8    11
     17     1     9
     19     9     6
      5     7     3
     13     9     8
     13     7     9
     10     1    14
     19     9     3
     13     3     2
     20     3     7
      1     9     4
     11     4     3
      9     4     8
     13     2    10
     14     3     4
      1     8    14
      4     7     5
     13     6     8
     17     2    12
     10     8     7
      5     2     4
      7     5    11
      7     9    13
     14     5     5
     17     6     3
     14     7     7
      9     9     6
     16     3    12
     18     9     4
     14     7     4
      2     4     5
