    500
     16     6     9
      9     9     8
     15    10     5
     17    10    15
      4     9    15
     19     8    13
      2     8     9
      8     3    10
      8     7     8
      5     6     7
     14     4     3
     11     1     7
     16     1    14
      1     4     2
      4     3    10
     11     4    11
      4     8     7
     16     2     5
     15     3     9
     13     3     9
     10     2    13
     18     7     8
     16    10    12
      2    10     1
     18    10     7
      3     2    12
      4    10    14
     16     6     8
      3     8     7
     15     7     6
     11     8     2
      1     4    12
      8     4     6
     11     6     2
     11     1    11
      8     5     3
      2     4     8
     11     5    14
     10     7    15
      4     5     9
     19     9     8
      9     8     4
     20     4    14
     15    10     9
      3     7     9
     18     5    10
     15     1     8
     18     4     1
     11    10    14
      8    10    13
     12    10     4
      5     3     9
     20     1     6
     17     6     9
     11     4    15
     17     9    13
     14     9     1
     10     8     7
     18     6    11
     13     3     6
      3     2     5
      8     9     4
      7     3     8
     15     9    15
      8     9    11
      9     5     3
      6     2     1
     17     9     4
     18     3     9
     19     6     6
      4     8     9
     16     7    10
     20     6    14
      6     9     6
      1     6     5
     11     7    15
     16     4     2
      4     7     6
     12     5    10
      1     5    13
      1     5     9
     18     4    13
     11     4    15
     19     5     5
     16     6     1
     18     8     3
      3     6    13
     12     1    10
      1     6    11
     14     7     7
     15    10    14
      4     5    11
     10    10    14
      2     3    15
     14    10     3
     19     9     9
      3     9     8
     18     6    11
     19     7     9
      5     5    12
      5     8    10
     16     3    15
      2     3    10
     18     1     8
     10     6     9
      1     8    14
      8     9     5
     17     8    14
     18     6     8
     20     2     4
      5     2    13
     16     1     3
      9     4     1
      6     9    12
     17     8     1
      6     1     8
      6     2    15
     17     8     6
      3     1    15
     17     6    13
      5     2     6
     17     8     9
      8     6    10
     20    10     7
      5     2     1
     13     5    10
     19     2     6
      3     7     3
     19     8    14
     15     7    10
     11     7    13
     13     1     6
     13     6    14
     12     2    14
     16     9     1
     14    10     5
      9    10    15
     18     3     2
      4     8     4
      6    10     6
      6     3    11
     10     6     6
     12     4    14
      9     3     8
     13     9     2
      1     9     6
     10     5     1
     18     2    11
     13     3    10
     18     9     8
      7     6     3
     14     6     5
     11     2    11
     13     8     5
     11     9     4
     20     9     8
     15     5    11
     17     8     7
     17     3     9
     15     5     8
      9     7     4
      2     2    10
     12     8     1
      3     9     2
      3     6     2
     13     7     1
     12     5    14
      4     4     6
      2     4     4
     19     9     7
      2     9    12
     12     5    13
     12     7     9
     15     9    10
     18     4     6
     17     8     4
      3    10     5
      5     1     9
     13     1    12
      6     9     5
     12     8     7
     15     1    13
      4     5    10
     20     5     7
     20     4     4
      8     6     2
      9     9     7
      1     6    12
      8     8     1
      8     9    12
      1     3     9
     19     7    10
     17     3     7
      3     5    10
     10     7    15
     15     9     8
      6     4     9
      8     5    10
      2     5    11
     15     6     7
      7     7     7
      7     5    14
     18     2    15
     10     4     6
      4    10     7
      5     7     2
      5     1    14
      2     3     8
      5     2     3
     10     9    11
      6     4     1
     19     7     4
      7    10    15
     17     5     7
     15     9     8
     19     7     5
     15     5     4
     10     3     9
      5     5    13
     14     9    10
      5     4     5
     11     3    12
      1     4     2
      1     9    10
     11     7     9
     16     4     4
     18     1     5
     19     4    13
      5    10    11
      4     4     4
     13     5    12
     15    10    12
     14     7    11
     12     6     6
     18     8     2
     10    10     1
     15    10    11
      9     4     2
      4    10     9
     12    10     4
     10     5    14
     19     3     2
     16     2     1
     17     2    13
     15    10     3
     11     5     9
      1     1    10
     19     1    15
     16     6     3
      7     1     3
     16     8    14
      6     6     7
     12     9    15
     19     2     4
     19     2    12
      5     9     5
      8     2     4
      1     8    11
     13     7     1
     13     8     6
      4     7    12
     15     1     5
      2     7     6
     17    10     5
      3    10    10
     14     7    13
      5     8     8
      4     8    10
      2    10     5
     12     2     1
      5     2     7
      4     6     1
      5     1    12
      7     7    13
     15     6     5
     18     6     4
     13     3    15
     15    10    11
      5    10     3
     19    10     1
      4     2     7
      3    10    11
     14     6    10
     18     1     3
     20     4     3
      8     7    10
     15     8     5
     14     4    10
      1    10     6
      6     8     4
      4     4     4
      1     8     4
     18     5     3
     19    10    11
     18     3     5
     17     1    14
      4     2    11
     19     5     2
      6     2    10
      4    10     1
      3     3     1
     20     4     6
      3     7     4
     11     9     6
      6     1    11
     10     7     9
     14     4     6
      4     8     8
     11     4     8
     16     8    14
     16    10    14
      2     8     8
      9     1    11
     14     1     3
     17     4     2
      9     2     2
     11     8     3
     17     5    15
      2     3     3
      2     2    15
     11     8    10
      1     1     2
     15     4     2
      4     7    11
     18     6     1
     13    10    11
     20     8    12
      3     6     8
      2     5    10
     20     9     3
     16     4    14
      9     9     2
     13     8    15
     10     6     7
     16     9    14
     15     3     7
     20     6    11
      5    10    14
     10     3    14
      2     6     4
     13     5     1
     14     9     9
     13     8     5
     19     5    10
      9     1    12
      5     3     2
      7     1     5
     20     3    11
      2     7     9
     16     7    11
     19     7     6
      1     3     2
      1     2     4
     16    10     6
     15     3    10
     11     9     6
     12     1    11
      1     8     6
      8     8     3
      7     3    15
      9    10    14
      8     4     5
     17    10     7
     18     2     9
      6     8     5
     13     6     9
      4    10    11
     17     9     2
     15     1    13
     16     4     2
     14     7     7
     11     1     6
     19     7     9
      1     4    12
     12     2     4
     11    10     2
      7     3     3
     14     6    12
      7     2    12
     19     8     2
     18     6    10
      2    10     8
      1     8     1
     15     5     9
     15     6    12
     18     3    13
     19     1     7
     13     7     5
      1     4    12
      9     2    12
      5     4    14
     10     9     9
     11     5    15
      9     1     3
     18     9     3
      5     6    10
     18     3    14
     11     8     3
     14     8     8
     13     8     9
     13     4     7
     17    10     4
     16     8     7
      3     8    11
     16     1     4
     17     8     3
     13     8    11
      2     3    13
     15     3     7
     18     8    14
     15     1     5
      3     4     2
     16     6     3
     18     9    15
      2     6    12
     17     5    14
     15    10    11
     16     6     8
     13     6    14
      3     4    13
      2     5     6
      5     1     7
      9     5    11
      9     4    10
      5     9     6
      3     2    14
      5     2    10
     16     5     2
      9     3    14
      5     2     7
      1     3     3
     14    10     5
      8    10     8
      6     3     3
      9     1     6
      9     2     6
      4     7    15
      6    10     6
      3     7     5
     16     8     6
     12     4     4
     17     4    11
      3     1    12
     16     3    13
     15     2    14
      6     5     1
      7     4     1
      2     6     1
     11     8    13
      5     7     3
     15     2    11
     19     8     4
     19     1     7
      3    10    13
     19     1    13
     18    10     9
      7    10    15
     18     8     7
      2     5    14
     17     9     4
      4     8    10
     19     3     8
     17     6     5
      5     5    13
     14     3     2
     10     3     6
     11     1    10
      2     9    11
      3     6    13
     13     6    11
      8     5    14
     13     8    12
     14     4    15
     17     1    10
      8     1     1
     18    10    11
      3     1    12
      1     8    13
     19     6     9
      7     5     8
     14     1     1
     13     2     2
      5     9    12
     11     5    10
      7     9     3
     17     3     9
      3    10    13
     16     4    11
      7     8     3
     15     1     7
      4     2     9
      6     9     8
     18     2     1
     13     7     3
     10     5     8
     18     3    13
      6     8     4
      4     2    13
      3     2     3
      3     9    15
