    500
     10     5     6
     17     3    11
      8    10     3
     14     4    13
      4     3     9
     20     1     6
      9     5    11
     20     2     9
     10     3    15
     19     1     7
     19    10     8
     19     7     6
      9     4    10
     18     1     8
      8     3     8
     16     8     3
     10     5     1
      6     7     7
      7     8    12
     11     9    15
     12     7    15
     19     1     8
     10     7     9
     16     3    12
     17     1    11
     19     4     6
     10     1     6
     15     6     3
     16     8    14
      7     2     1
      1     4     3
      1     8     8
      4     1    14
      8     2     2
     12     6    14
     10     4    13
     20     8     8
     11     5     3
      5     9     2
     15     3    12
     12     8     6
      7     6     7
      2     7     9
     10     8    14
     10     2    10
      3     7     5
     10    10     1
     12    10    10
     17     4     3
      2     3     3
      9     6    10
     11     5     6
      9     4     3
     13     7     2
      5     5     6
      9     4     2
      3     9     4
     12     3    10
     13     4     9
      8    10     1
     11     9    14
      8     8    15
      9     8     2
      6     6    12
      7     6     5
     14     1    11
      1     4     5
     20     4     1
      9    10    10
     11     9    15
     11     9    12
      6     2    12
     18     4     9
     11     8     9
     19     7     6
      3     4    15
     19     4     4
      4     3     6
     15     8     8
      4     6     6
      3     5    11
      9     7     3
     11     4    11
     10     4    15
      5     5     6
     14     5    14
     12     4    10
      4     6     3
     20     5     1
     16     2     6
     12     3     1
     17     3     5
     19    10     3
     17     4     5
      1     7    14
      1     5     2
      6     8     4
     20     7     9
      7     3    15
     14     8     1
      1    10    12
      8     8     2
      7    10    12
      5     5    11
      1     7     6
     17     4     2
      6     9     3
      6    10    10
     17     4    12
     18     2     1
      9     8    12
     14     9     5
     17     1    12
     20     4    15
     13     7    14
      7     9     2
     14     5    12
     11     5     4
      4     7    12
      5    10     2
     12     8    12
      3     8     8
      9     7     9
      8     2    15
      4     7     8
     15     4     3
      6     5    14
      2    10    14
      1     1     2
     10     7     8
     20    10     3
     20     9     1
     15     1     1
      7     2     2
     15     6     1
     19     4     4
     14     6     6
      1     3     3
     16    10    10
      1     5     8
     20    10     5
      6    10    15
      6     4     2
     13     4    12
      2    10     1
     16     8    14
      6     9    10
      7     8     4
     12     8     2
      3     4     2
     15     3     3
     17     9     6
      9     4     6
     19     4    14
     20     4    14
     15     6    11
      9     9     2
     12     8     1
     10     7     1
     19     2     1
      4     3    10
      5     3    15
      5     9     4
     12     9    10
     18     9    12
      3     5    13
      1     3    14
      8     3     8
      4     6    10
      5     6    13
      2    10     7
     20     6     4
     13     2    15
     15     1     8
      1     6    11
      4    10     7
     19     1    15
      1     2     5
      6     2     3
     15     1     1
      1     4     1
      6     8     9
      6     7     9
      9     2     2
     10     3     7
     17     5     5
     17     9     1
     13     2    11
      5     1     7
     18     7    12
      6     2    10
      3     1     2
     16     3    14
      8     2    11
      3     6     9
     16    10     3
      2     9    12
      1     8     1
      4     6     2
     20     6    14
      2     9     6
      7     2    12
      7     1     9
      6     8     7
     14    10     8
     12     4     7
     20     4     6
      1     2     6
      2     9    13
      2     6     7
      6     7     1
     13     6     6
      3     6    15
     10     6     3
     11     8     7
     13     5     7
     10     4     2
      2     4     7
     17    10    13
     20     3    12
     14     9     6
      7     9     7
      1     3     6
      3     9    10
     20     8     5
      1     7     4
     10     7    13
     11     5    14
     18     5     3
     10     2     7
     17     3    13
     15     1     4
     15     6    12
      5     8     6
      2    10    15
     15     4    10
     11     8     5
      9     9     4
     15     1    13
     19     4     8
      1     6    10
     17     2     1
     16     3     1
     12     3    11
     15    10    15
     11     7     6
      3     2     2
     15     2     9
     11    10     8
     14    10     1
     11     3    14
     10     1    12
     11     5    12
     16     2    10
     12     2    11
     19     4    13
     10    10    10
      2     7     1
      5     5    11
     15     9    12
      4     7     7
      6     4     1
     20     8     7
      5    10     2
      2     9     6
      6     3     7
     12     2    14
      2     4     7
     14     5    11
      1     6     5
     16    10     1
     14     3     9
      2     6     3
      2     1    14
     11    10    15
     15    10     2
      7     7    15
      1     2     6
      9     6    11
      3     6     2
     17    10     1
     18     1    10
     12     3     2
      6     5     8
     20     4     4
      6     6    11
      6     9     9
     19     8     4
     17     6     7
     13     1     4
     15     5    11
     20     9     6
     19     9     1
     15     3     3
      6     7    12
     12     3     1
     19     3     4
     16     6     6
      4     6    12
     15     1    13
     13    10     4
     15     3    12
      9     2     9
     19     2     1
      4     4     1
      5     1     7
      9     1     5
      6     8    10
      8    10     3
     10     5     8
      9     7     6
     16    10     9
      6    10     2
      7     7     1
      1     7     2
     13     6     4
     18     3    14
     19     7     1
      5     5    14
     16     9     1
     18     8    13
     11     3     4
      6     6    15
      1     2    13
      4     5     1
     17     3     8
      1     6     1
      1    10     2
      7    10     3
      6     7    10
     12     2     2
      6     5     4
      5     4     2
      2     9    15
     14     9    10
     17     5     2
     13     7     6
     14     3     4
      1     1    12
     10     2     9
     18     6     7
     20     5    10
     12     5     6
      6     6    11
      8     2     8
      9     5    10
     20     8     9
     16     3    12
     12     9     7
     13     3    13
     17     5    14
     11     1     6
     13     7     6
      5     2     3
     20     1    14
      2     9    11
      7     3    14
      2     1    10
     20     8    11
     16     9     4
     10     2     5
     11     9     5
     12     6     9
      5     1     5
     19     7     3
      3     7     7
     16     1     8
      2     8    11
     19     7    14
     17     7     6
     12     9     6
      8     4    14
      4     7     3
     11     8    13
     10    10     3
     17     2    15
      3    10     6
      1     2    10
      2     2     2
      8     1     8
     12     3    10
      7     6     7
      6     4     4
      3     3     3
     14     9    12
      1     8     4
     20     5     4
      3     1    12
     17    10     3
     20     2    15
     19     3     4
      9     6     4
      7     7     9
     17     7    11
     10    10     9
     11     6    12
     15     1    10
      5     9     7
      7     4    15
     18     1    10
     14     4     5
     10     1     2
     13     4    12
      3     7     9
     10     8    14
     17     4     2
     15    10    14
      1     9     9
     12     6    13
      3     7     7
     18     8    12
      2     8    13
      7     2     5
     10     7     9
      4     4    15
      7     1     8
     18     1     4
      1     2     1
      8     4     2
     12     6    13
      5     6     3
     15     1    15
      6     5     6
      3     3     7
     17     9    12
      4     1     1
      1     3     9
     12     5     7
      6     7    15
     20     2     4
      6     9     1
     13    10    14
      4     8     1
     19     4    12
     11     1     2
      6     8     9
     18    10     9
     16     6     5
     14    10     5
     14     7    13
      8     2    10
     16     7    11
     13     9     2
     16     2    12
      2     6     8
      9     1    13
     16     8    14
     11    10    12
     17     6    13
      1     1    11
     14     1     2
     20     8     6
     18     8     3
      4     2    10
      5    10     7
      3     1     3
      1     8    13
     11     9    13
     14     7    15
      2     4     8
      3     9     3
     20     1    10
      1     2    12
     13     1     3
      8     3     2
     15     5    14
     12     9     9
      7     4     7
     20     2     2
     14     1    14
     10     6    10
      2     8     2
     20     5    15
      4     2     3
     17     6     6
      9     7     3
      7    10     1
      4     3     2
      7     9     6
     10     6     5
      5     3    14
     12     2     1
     10    10    15
     19     7     3
     14     8     2
      3    10    11
     17     7    15
      4     3     5
      4     4    10
      1     1    12
     16     6     3
     10     3     9
      1     7     8
     13     5     6
     15     5    14
     12     6     5
     12     3    14
      6    10     5
     13     9     9
     11     8     7
