    500
      9     7     1
     14     2     2
      9     2    10
      4     3     4
      3     1    13
     17     3    13
      9     6     4
      5     5    11
      6     5    10
     18     5     6
      5     3     8
     16     9     8
     10     3     6
      8     1     6
     14     4    15
      2     5    12
     10     4     5
     17     1     2
     13     2     1
     16     2    10
      7     3     9
     17     8     6
      8     7     3
     15     3     8
     19     8    15
     10     6    10
     11     6     2
     19     7     3
     17     8     7
     10     8     1
     12     8     2
      2     7     6
     14     1     5
     17     3    15
      8     3     6
      5     8    12
      7     5     9
     11     4     5
     20     2    12
     20     8     4
     12     1    14
     14     2    12
     17     9     9
      5     4    15
      8     6     7
      8     9     5
      6     3     9
     11     2    14
     20     2     7
      1     3     2
     17     8     7
     12    10    15
      1     6    12
      4     5     8
      2     2     3
     15     9     4
     15     8    11
      8     8     1
      8     9    15
      3     1    15
      9     9     3
      9     1    14
      4     3     5
     15     5     4
      9     4     8
     18     2     4
     17     7     6
     11     8     9
     16     8     7
     14    10     3
     10     6     3
     15     8     7
      3     9     8
     15     1    15
      5     3     2
      7     4    15
     10     3    14
      4     6     5
      7     9    14
     17     4    12
     17     5     6
     17     8     3
     10     3     9
     18     6    14
     19     8     6
      5     5    10
      7     1     3
      7     1    10
      4     9     3
     10     7    10
      2     3     9
     17     8     8
     12     8     5
     13     2     6
     19     7    11
     14     6     8
     19    10     3
     14     5    15
      4     5    12
      8    10     6
     14     4     5
     13     4    12
     13    10     7
      6     1     4
      8     3     1
     10     4     8
     12    10     7
     19     5     5
     20     1     2
      3     1     8
     17     9    15
     19     7    14
     13     9     9
     17    10     5
      6     2     5
      5     6     5
      8     7     7
      8     6    11
      1    10     6
      1     9     5
     12     8     9
      5     8    12
      7     5    13
      5     6     5
      6     2     3
      8     5     8
      6     5     6
      5     1    12
     14     1     9
      6     8    13
     15    10     4
     18     7     1
      8     5     8
      3     3     7
     20     5     1
      4     3     8
     19     8     4
     11     2    15
     18     4     8
     16    10    15
     19    10     9
     19     9     1
      3     5     7
     19     3    15
     14     6     5
     13    10     6
     18     5    14
      1     9    11
     13     3    11
      6     8     6
     12     1     3
      8     9     1
     16     8     5
     20     6    15
     13     1    15
     12     4     1
      9     7     1
      7     9     2
     10     5    10
      7     1     7
     19     7     7
     17     1     2
      6     6    10
      6     1     2
     14     2    13
     13     1     6
     14     9    15
     16     7    15
     20    10     6
      7     4     9
      1     6     7
     17     4    15
     10     8    11
     16     4    15
     13     2    10
      4     5    12
     11     6     1
     12     8     2
      8    10     1
      8     4    11
     14     7     3
     14     8     7
     19     2    11
      2    10     1
     20     8    14
     12     7    11
     14    10     3
     16     2    14
     14     2     5
      8     4    13
     11     5     5
     11     9    12
      1     3     8
     13    10     7
      3     9    12
     15     7     5
     14     4     4
      2     9    12
     17     3    13
      4     4     8
     19     4     8
      5     1     4
     19     5    12
     16     5     3
      4     8     7
     10     4     7
     17     4    14
      3     6    13
     10     6    15
      6     4     5
      5     7     2
     12     9    14
     14     9     1
     11     3     1
      3    10    10
     11     3    15
      4     8     8
      6     9    14
      2     6    14
      1     1     7
      8     3     3
     20     1     9
      2     5    10
     17     1     9
     15     6     3
      6     7     5
     14     1     6
     15     2    12
     19    10    10
     12     9    14
      5    10    10
     16     7    13
     13    10    10
      5     2     4
     10     3     6
     18    10    14
      2     4     8
     10     5    14
      1     9     1
     18     3    11
      9     4     6
      2     3     4
     16     9    15
      6     9     3
     15    10    10
     10     1    14
     17    10    10
      7     9    10
      7     7     9
     13     2     7
      7     8    13
     17     5    14
     14     7     5
      5     3     6
     14     2    15
     16     7     3
      5     6     9
     17     1     1
      9     1    10
     10     7     9
      5     5     7
     14     5    13
      7     4     4
      3     1    11
      5     1     4
     11     5     9
      9     9     9
      8     6     1
     18    10     8
     14     4     6
      3     5     4
      4     3    15
     12    10     1
     17    10     9
      3     9     2
      2     9     9
      6     5    15
      4     7     6
     17     7     1
      9     8    14
     18     5     4
     13     8    14
     19     3    12
      2     4     9
     19     5     1
     14     9     8
     12     4    11
      5     7     8
      9     9     3
     13     2     2
      3     2     4
      2     8    15
     17     7     6
      6     6    11
      1     6     5
      8     7    10
     15     9    11
      6     5    11
     12     3     7
      3     8     9
      5     8    10
     11     6     8
      9     8     8
     15     5     2
     11     6     1
     19     1    12
      3     8     8
     19     8     4
     18     2     3
      8     4    11
      9     7    15
     14     5     8
     15     5    12
     10    10     8
      8    10     1
      2     5    11
     17     8    10
     12     2    13
     16     9     9
     15     8    15
     17     7     4
     20     6    12
     11     9     7
      9     7     8
      6     8    15
      3     3     1
     16     3     4
      8    10     5
     13     5    11
      8     4     4
      3     7     7
     15     8    14
      9     6    10
      4     1     7
     18     8     6
      9     9     2
     14     5     5
      9     3     2
      9     8     5
      6     6     8
      3     3     5
      2     7     7
     15     3     3
      5     4     9
     10    10     6
     19     1    15
     20     7    13
      8     2    10
      2     3    14
      3     5     6
      2     9     7
     20     8     9
     15     3    13
     18     6    13
      5     6     3
      9     8    10
      2     6     5
     18     3    13
      5     6     1
     10    10     5
      7     6     2
      1     3     4
      8     7     3
      4     5     1
      2     1    10
     14     5    14
      1     8     3
      7     3    12
      8     8    12
     15     8    10
     18     4     9
     17     4     6
      9     5     6
     20     8    12
     16     6     6
     20     7     4
     15    10    11
     19     4     2
     15    10     2
     20     4     6
     11     2    10
     13     9     8
     11     5    11
     20     8     6
     17     9    13
     13     4     1
     19     3    13
     12     8     5
      9    10    13
      5     1     6
     18     4     3
     11     5     3
      1     1    14
     12     9     3
     13     7     5
     13     8     7
      2     7     9
      4     5    12
      7     5     9
      4    10     6
     10     6    11
     11     6     9
      2     7    12
      3     1    15
      7     7    14
     16     5     6
     11     3     6
      5     2     8
      2     7    11
      8     1    12
      9     8     8
      5     5    10
     15     6    13
     14     1    11
     18    10     8
     16     2    10
      8     6    11
      4     4     7
      3     1     7
      4     9    14
     17     1    12
      5     3     5
     16     5     6
      2     6    14
     20     8    10
      1     3    11
     12     1    13
      5     5     5
     15     6    11
     15     2    12
     10     3     8
     16     9     3
     16     4     7
     20    10    15
      5     1    15
     15     9    15
     16     1    12
      6     7    10
      1     1     5
     20     1     5
     20     9     6
     20     8    10
      2     6     1
     17     7     1
     20     4     9
     19     1     9
     10     6     6
      4     8    10
     17     1    14
     15     7     2
     17     3    14
     16     6    15
     20     6    13
     20     5     3
      7     3    11
     10     6     7
      1     5     4
     11     7     9
     17     1    12
      9    10    11
      5     8     9
     17     6     4
      8     6     5
     10     3     2
      6     2     2
     20     1     6
     10     6    12
     13     9     4
     11     4     3
     11     7     5
      4     3     7
     15     8     2
      2     4    13
      3     7     7
     11     1     7
     17     8    13
     17     1     4
     16     8     6
      2     9     1
      2     3     1
     11     5     7
     14    10     6
     14     8     7
     14     3     9
     13     9     4
      7    10     5
     15     5    10
     19     4     7
     14     5     4
      3     1    11
     18     2     5
     18     1     6
     11     3     2
     11     1    11
     20     4    12
      9     7    12
     14     8    12
     18     8    13
      3     8     5
      7     1     1
