    500
      3     6    13
      2     6     5
      2     1     8
      1     7     2
      3     5     7
     18     5     5
     15     2     6
     17     4    10
      7     1     1
     12    10     6
     10     8    13
      4     5     8
      3     7     2
      5     8    12
     19     4    13
      7     9     4
     17     1    14
      6     6     4
      4     7     5
     14     7     2
      9     8    11
     17     2     7
      2     4    15
      8     6     5
     18     9     4
      7     9     3
     18     8     8
     18     7    13
     10     8    15
      2     3    11
      2     3     2
      2    10     1
     11     7    13
     14    10     1
      9     7     9
      7     6     7
      4    10     9
     11     5    10
     15     5    13
     12     7     7
      6    10    11
     12    10     1
     19     2     4
     20     2     5
     15     1     8
     13     2    15
     20     2     1
      5     8     8
      5     6    11
     15     6     7
     14     4    13
     18     1    12
     10     9     9
     20     6     1
     16     3     9
      6     4     8
      5     8    13
      9     3     4
      3     8    13
     18     7    10
     16     6    11
      9    10     9
      6     8    14
      5     2     2
      8     1     2
      3     9    11
     12     9    11
     14     4     6
      7     6     8
      6     3    12
     17     7     6
      5     2     8
      1     7     4
     20    10     3
      3     4     3
     19     1    15
     13     3    15
      4     1     5
     10     2    12
     19     4     5
     19     5     8
      8     1     8
     10     3     4
      8     5     9
      8     7    11
      1     2     6
     15     9     1
     19     6     3
      2     7     7
     12     2     8
     19     7    11
     11     6     2
      1     9     9
      8     3    10
      7     3     7
     16     2     1
      1    10    13
     16     6    13
     11     1     3
     17     2     9
     10     6     7
      5     9    14
     17     7     9
     12     6     6
     19     4    12
      5     1    11
     10    10     6
      8     6     2
     19     9     5
      1     1     6
      1     5    14
     17     4     1
      1     6     5
     12     5     9
      2    10     3
      5     4    14
     17     9     4
      2     2     9
      2     6     3
      9     3     9
     18     5    15
     11     8    11
      8     5    12
     13     8    13
      5     7    10
     10     5     1
     13     8    13
      4     4     8
     16     4    12
      1     7    12
      3     3     9
      5     4    11
     10    10    11
     17     3    10
     18     2     1
      9     7     6
      4     4     9
     15     2     1
     11     6    14
     11     5     3
     12     6     3
     15     2    11
     17     4    10
      4     3     4
      4     7     4
      7     9    13
     14    10     8
     10     5     4
     13     8     3
     12     3    14
     19     8     3
     11     3     3
     14    10    15
      6     2    10
      2     5     9
      6     1     4
      2     1     6
      2     9    12
      3     9     2
     11     8    15
     14     2    13
     20     2     6
     19     7    13
     15    10     9
      8     4     8
      3     9     3
      3     7    15
     20     6     3
      1     2    12
     13     2    15
      1     7     2
      5     5     7
     11     3     3
     15     6    13
     15     3    15
     11     6    15
      7     8    10
      9     9    13
     20    10     6
     17     6     8
      3     2    12
      5     5     2
      1     4    11
     11     7    11
     10     6     1
     20     6    14
      2    10    12
      8     9    13
     11     5    10
     18     2    12
     16     4     7
     15     3     3
     19     3    15
     18     7     8
     16     8     6
     15     8    14
     10     9     7
     15     2     4
     19     4     4
     10     5    15
     13     6     8
      6     8     2
      9     4     6
     13     9     4
     14     9     7
     18    10    12
     11     7     6
      2     5    11
      8     4     9
     18     2     1
      5     1     2
      5     8     1
     11     5     1
      4     4    12
     19     9     9
      5    10     2
     19     7     6
     18     1    12
     14    10    14
      7     5     8
     17     8     4
     15     7     3
      1     4    13
     19    10    10
      3     6    13
     11     1     5
      6     6    13
      7     3    13
     12     5     3
     18     7     2
      9     8    11
     16     8     5
     14     8    11
     18     4     5
     14     6     4
      4     5     8
     18     2     2
     10    10     1
     13     9     5
      5     7    15
     19     4     2
     20     3     3
     16     1    15
      1     1     1
     15    10     7
     10     3    11
     19     1     3
      3    10     5
      2     2    14
     20     2     5
      2     3    13
      1     1     3
     13     3     3
      2     3    13
      6     2    13
     11     3    12
      7     4    14
     19     9     6
      1     9     5
     11     8    15
      5     6     2
      5     8     9
      5     5     5
     10     1     8
      4    10    14
      3     1     3
     17     4     1
      6     2    13
     10     5    14
      3     8    11
     14     3    13
     14    10     8
      9     6     7
     12     4    11
     19     3    11
     20     2     7
     20     9    15
     10     9     1
      1     3    10
     14     4    15
     11     4    13
      8     9    12
     17    10     4
     10     8    13
     20     5     2
     11     8     9
      3     6    15
      9     1     2
      5     5     5
     20     5     3
     13     3    11
      2     8     2
     18     1     4
      3     8     4
      9    10    13
      2     9    12
     10     1     4
      2     5    14
      9     7     9
     13     9     5
     14     5    13
      6     5    14
     16     2    14
      3     7    12
      8     9     6
     15     4    10
     19     6     7
      1     8     6
     14     8    13
      2     1     5
      2     4     7
      8     6     8
     12     3     4
      2     6     6
     12     2     1
      5     8    14
      4     3     6
     14     3    14
     19     1     6
      9     5    15
      4     8     7
     10     8    14
      3     1     5
      6     2     9
     12     7     1
      8     7    13
     18    10     8
      6     3    14
     17    10     3
     14     2    11
     20     6    10
     12     3     1
      1     2    12
     17     4    14
     17     9     2
     12     1    12
      7     6     1
     17     7     8
     20     5     2
     14     1    13
      8     4    11
      8     3     8
     14    10     4
     12     5     9
     10     1     2
      2     2     8
     13     4     1
      4     2    10
     12     5    12
     20     1     8
      1     8    14
     10     5    13
      8     7     1
      7     8     9
     10     4     7
     20     8     1
     17     8     8
     20     6     2
     17     7     9
     19     7    10
      8     8     8
      4     9     4
      2     3     5
     11     4    12
     14    10     7
      3     6    12
     13     9    15
     12     1     7
     12     4    12
     16     1    13
     16     6     8
     14     7    13
     14     6    15
     10     1    12
     14     4     5
      5     8     3
     11     6    14
      6    10    15
     11     1     7
     10     6    12
      4     9    10
     18     5     8
     16     1    13
      8     7    15
     16     2    13
     15     9     7
     19     7    10
      3     3    13
      5     7     5
     17     1     9
     12     4     9
     11     2    13
     16     3     7
     20     5    11
      6     8    11
     19     7     9
     20     5     4
     18     6    15
     20     1     1
      8     4     8
     11     5     9
      4     8     6
     19     3     2
      3     9    13
      2     4     9
     17     1     5
     12     5     8
      4     7     3
     18    10     2
     13    10     5
     12     5    14
      4    10     6
      6     1    15
      6    10     5
     20     8    10
      7     9     4
     11     8     4
     10    10    15
     18     9    10
     13     2    14
     20     3     9
     15     2    14
     13     5     1
     15     5    12
     13     8     1
      2     2    13
      8     2    12
      1     5    11
     12    10    12
     10     2     9
     15     8     6
     15     9    12
     12     2    15
     13     2     9
      7     1    10
     12     5     3
     10     4     6
     16     3     8
     12     4     5
     18     9    13
     16     6    12
     19     1    11
     13     4     6
     17     5    15
      7     8     4
      3     8     5
     19    10     4
     13     2     6
      4     9    13
     10     2    10
     16     2     5
     17     7     2
     19     4    10
      2     7    15
     13     2     5
     14     8     1
     14     3     2
      4     8    15
      9     3    13
     13     5    15
      4     8     2
     18     4     6
     12     1    13
     17     9     7
     20     2     2
      5     2    14
     11     3    11
     18     4    15
      7    10     8
     12     2     8
      6     4     3
      4     8     7
      8     4    14
     10     9     1
     20     6    12
      8     4     5
     20     1     8
     19     3     9
     11     3    13
      5     4    12
      2     8     4
     14     1     4
     19     8    10
      2     4     2
     20     9     3
     12     7     7
      9     2    11
      8     4     2
     11     1    11
      9     1     2
     11     7    14
      2     5     7
     14     8     9
     12     9    15
      5     4     2
      4    10     5
     20     3     8
      1     5     5
     13     5    11
     15    10     8
