    500
     19    10     4
     14    10    12
     11     7     5
     18     2     2
      7     3     5
      6     5    14
      2     5     9
     18     7     5
     16     3     3
      7     8     9
      1     9     3
     17     6     2
     14     2     7
      1     3     6
     12     3    12
     18     9     7
      4     2    12
     14     3    15
      3     5     2
      3     7     3
     19     8    10
      3     4    11
      1    10     8
      5     9     8
     14     7    14
      1     8     4
      1     1     7
     10     4     7
     20     8     4
      8     5     6
      8     1     4
     20     7     2
      8     5    10
     12     3     6
     19     6    11
     18     8     5
     10    10     6
     12     7     8
     18     9    11
     13     5     9
     18     4     8
     13     6     9
     10    10    15
      4     7     6
      8     8     1
      8     1     9
      3     5     7
      2    10     8
      7     4     6
     10    10    14
     17     6    10
      4     3     6
     17     6     4
     15     1    14
     18    10     7
      5    10    10
     10    10     3
     18     7    11
      8     5    15
      2     1     7
      6     2    13
      7     4     6
     16     2     2
     17     1    15
      3     4     5
      2     3     1
     14     6    14
     15    10     2
      3     5     1
     11     5    15
      6     4    12
     17     6     6
      9     4     1
     19     3     9
     11     4    13
      4     7     1
     16     4    12
      3     2     9
      8     4    13
     15     9    15
     12     4     5
      1     2    13
     13     7     4
      4     2     6
      9     1    15
     15     8    10
     13     2    12
      7     9    12
     12     7     8
      8     7    15
     13    10    12
      4     4     4
      3     4    10
     11     7    14
     18     1     9
     14     7    12
     17     4     9
     11    10    15
      6     2    14
     17     1     2
     18     1     7
      6     3    10
     10     4     4
     16    10     7
     14     2     3
     16     7     2
     17     6    12
     11     8     9
     11     1    13
      9     3     5
      9    10     8
      5     6    15
     18     8     9
     12     6     2
     12     8     4
     11     7     1
     17     9    11
      3     6     8
      9     7    11
      6     9     7
      5     2    11
     12     9     1
     11     1     1
      5     2    13
      1     1    13
      6     3    14
     19     3     9
     17     5     9
     14     7    14
      3     6     1
      1     6    12
     17     5     6
      7     8    15
      1     2     4
      6     1     1
      6     1    12
     18     5     4
     18     4     8
     19     1     8
     16     9     8
      8     3     2
      3     8     5
     19     3     5
     17     6    15
      9     7     9
      7     3     8
      7     3     7
      9    10    11
     12     3     7
     13    10     1
     13     9     2
     12     6     1
     18     5    13
     11     4     4
      6     5     2
      6     2    11
     14     8    13
      8     6     6
     15     7     5
     19     8    10
     19     9    11
     20     7     7
     11     3     5
     14     4     3
     11     9    15
     14     5    15
      5     5    11
      9     6     8
      9     4    12
     16     3     1
      5     7    13
     19     8     4
     18     5     2
     13     1    11
     15     2     6
     17    10     7
     20     1     3
      3    10    15
     10     4     1
      1     1    14
      6     4     3
     18     2     2
     19     4     6
     13     9     8
      1     3     5
     18     2     4
     14     6     4
     14     7     6
      9     5     4
      8     6     9
     12     7     3
      2     1     5
      7     3     5
     14     9     2
     11     2     8
     17     5     4
      2     5    10
      7     4     3
     14     1     5
      6    10     4
     12     6     2
     10     6     1
     13     4     9
     10    10    13
      3     4    10
      8     8     2
     11     1    14
     18     5     9
     10     7    15
     20     3    14
      7     4     1
      1     3     3
      3     4    13
     14    10    11
     10     3     1
      2     2     5
      7     8     6
      2     3    10
     14     3    10
     12     4     6
     17     6    12
      6     9     8
     19     1    10
     13     5    12
      1     2    14
      6     3     1
      8     4     3
     10    10     3
      5    10    11
     19     9     4
     16     1     2
     14     8     9
     19     9     1
     12     8    10
      2     2     5
      4     7     8
     13     8     6
      6     2    12
     12     4     4
     15     3    12
     16     9     6
      9     1    12
     18    10     3
     10    10    13
     14    10    14
     13     6     8
     14     5     9
     14     8    14
      4     2     3
      8     7     5
      4     7    15
     12     8     3
      5     6    13
      3     1    10
     15     3     5
     10     2    10
     19    10     7
     12     1    12
      5     6     3
      4     2    12
      2    10    14
     20     8    12
      7     5    11
      2     9     4
     17     4    15
      4     4     8
     12     4     3
     13     5     7
     14     8    13
      5     6    14
     10     2    15
      4     6     5
      5     4     3
     15     8     8
     11     7     1
      4     8     5
     15     7     2
      8    10    11
      8     8     6
      8     5     6
      2     2    15
     15     6     5
     18     7     6
      7     3     2
      1     2     8
     11    10     2
      4     7     1
      3     5     3
     17     4    14
      6     5     9
     10     2     5
     15    10     2
      1     8     8
     16     5     9
      9     7     3
      6     3    11
     11    10    12
      1     6     6
     10     9     7
      8     6    10
     20     6     3
      7     8    14
      3     6     5
     19     3     4
     12     7    10
      2     8    14
      6    10    14
     19     9     6
     11     9     9
     20    10     9
     15     1    12
      5     8    11
     10     1     6
      7     5     4
      4     8     4
     11     4     3
     12     8    11
     11     5     6
     19     5    13
      4     4     2
     15    10    14
      4     5     2
      5     9     3
      9     7     6
     14     2     3
     20     9    10
     10     5     6
      8     6     2
     10     5     9
     16     5    15
     14     4     5
     11     3    11
      6     5    15
      7     1     7
      7     9     8
     12     6     7
     17     8    13
     16    10     3
     15     8    13
     11     7     7
      3     1     5
     11     5    14
      6     1    11
      2     9    15
      5     7    14
      5    10     8
      5     4    13
     17     4     1
      3    10     9
     16     2    11
      9     9     5
      4    10    13
     17     9     5
      9     1     3
      4     2     2
     15     1     7
      3     6    14
      9     3    15
     18     2     8
     19     1    13
     16     3     4
      8     7     7
      4     7     5
     20     5     3
     20    10     5
     13     9    11
     15     5     7
      6     9    15
     18     8     3
     19     2     8
      1     7     2
     14    10     7
     10     1     3
      4     5    15
     20     1    14
      5    10     9
      3     3     8
     19     3    13
      1     6    12
     15     2     7
      1    10     9
     12     4     6
     12     7     3
      3     5     3
     10     7    11
     15    10     3
      2     6     3
     14     3     3
     16     4     7
     20     4    14
      6     2    15
      5     1    10
      4     6     5
     17     7     6
     12     5    10
      1     2     5
      5     2     2
     12     7     8
     13     7     3
      3    10     2
      2     1    11
     15    10     6
     18    10     6
      3    10    12
      2     3     3
     19     7    10
     20     2    13
     13     9     1
     16     9    10
      9     2     2
     14     1    12
     17    10     8
     18     8     1
     12     2    10
     15     3    12
     19     3    10
     13    10    12
      9     1    11
      3     2     5
      1     7    10
     19     6     2
      5     6    12
      8     6    11
     11     8    11
     19     9    10
      9     8    10
      4     6     1
     12     5     7
     10     4     8
     14     2     5
     14     6     5
      8     3    12
      6     8    10
      5     1    12
     20     1    11
     11     8    10
      8     6     9
      7     9    12
     10     4     5
      3     1     7
      8    10    13
      8     1    12
      4     7    13
     13     4     6
     20     7    12
      4     4     9
     20     8     3
     17     9     4
     10     7    11
     17     5     5
      9     7     1
      8     2     1
     15     5     2
     11     5    11
     15     4     7
      3     9     1
      7     5     5
     20     1    15
     14     5     6
      2     7    13
     19    10    14
      4     3     6
      3     9     2
     10     2     1
     19     5     1
     20     1     8
     15     8     6
      9     7     2
      2     2    12
     18     3    14
     19     3     5
      8     9    10
     12     7     4
     20    10     2
      2     2    14
      1     8     5
      2     8     7
     16     8     6
      9     6     4
      3    10     1
      2     6    15
      8     5     6
     18     3    12
      2     4    12
      8     7    14
      9     4     7
      7     3     9
      6     2     7
      7     5    14
     11     2     9
     20    10     6
     11     3    14
     17     9    11
     18     4     7
     19     8    13
      3     2    13
      2     8     8
      1     6    11
      4     3    10
     10     3    12
