    500
     11     2    11
     19     3     6
      6     8    10
      4     5     6
      6     5     4
      4    10    14
      9     3     4
     15     9     7
     14     1     5
     20     7     9
     12     7     8
      2     5     4
      8     5    14
      8    10    10
      2     3     1
      9    10     8
     11     7    11
     15     3    12
     20     4     9
      6     6     5
     16    10     6
      1     5    10
     12     7    14
     17     3     1
     15     5     7
      8     2     2
      9     7     9
     12     5     2
     14     8     5
      3     6     1
      9    10     4
     20     9    10
     14     1     9
     18     1     5
     16     8     6
     15    10    14
     14     1     7
     11     6    15
      9     5     7
     10     8     4
     12     6    13
     19    10     3
      7     5    10
     14     1    12
     13     8    14
     18     6     4
     14     7     8
     14     8     6
     15     6    13
      3     3     4
      2     4    13
     11     9    12
     18     1    10
      2     9    12
      9     8    10
      3    10     1
     11    10    13
     15     7     5
     18     9     3
     12     8     2
     12     9    10
      8     6     1
     13     2    14
     17     7     5
      4     9     2
     11    10     2
      5     2     5
      9    10     8
      1     1    13
      7     9    12
     12     2     6
     16     6     2
     12     8    10
      8     5     3
     14     1    10
     20     4    15
      9     4     9
      3    10     8
      2     7     2
     11     8    14
      8     4     1
     20     6     3
     12     6    12
      2     3     1
     11     2     6
      3     4     3
     16     7     2
      2    10    11
     15    10    14
      3     7     2
      1     3     7
     17     8     1
      5     2     2
      1     6     4
      3     7     2
      9     4    11
     12     6     4
      6     9     4
     10    10     2
     20     6    10
      7     7     3
      3     3     7
     20     1     1
      4    10     2
     13    10    10
      4     4    11
      1     7    15
     13     5    15
     13     6     6
     13     2     9
      1     7     9
      8     1    11
      2     3     1
      3     7    10
      1     1     8
      9     2    13
     20     3     3
     14     4    12
      7     5     3
      9     1    14
     12     8    14
      1     9     4
     10     9     4
     10     8    11
      2     1    14
      2     4    13
      6     6     8
     19     9     2
      9     1     9
     14     6     4
      4    10     2
      2     1     1
      2     8     9
     11     2    12
     10     7     1
     15     4    15
      8     3     7
     11     4     6
     14     7    12
      6     9     2
      1    10    15
     12    10    15
     10     3    13
      8     5     8
     10     4    12
     19     5     7
     15     3     5
     12     7    11
     12     3     8
      1     9    13
     18     5     2
      6     9    12
      3     1     7
     18     2    14
      8     6    13
     18     7     5
      8    10     2
     18     7     1
      9     9     6
     11     4     9
      9     9    14
     14     6    13
      4     2    14
     17     6     3
      2     5    11
     14     9     5
      7     8    12
      1     8     2
      7     1    14
      4     9     3
      4     4     8
      3     7     7
     16     6     4
     14     7     1
      9     9    11
      4     6     1
      7     7    14
     10     7     8
      4     3     5
      3     7     6
      8     2    14
     17     9    11
     14     1     8
     16     4     3
     20     7    14
      2     3    13
     19     7    15
     10     3     8
     15     9     8
      8    10    10
      2     9    15
     14     3     7
     11     3     5
      4     4    15
      4     4     5
     16     3    15
     10     4     5
      1     7     5
     10     9     7
     16     8     5
      4     3     4
      9     2     5
     15     7     6
     16     1    10
      3     2     9
     13     5     7
      3     4    14
     19     8    14
     15     2    11
     17     8     8
      6     8     1
     14     4    13
     11     3    14
      8     8     5
     18     5     3
     14     7    15
     16    10    10
     18    10    15
     11     4    11
     20     6     3
     20     5    10
     14     7     4
     20     2     2
      9     6    11
      5     1     8
     16     7     2
      5     3     4
      6     8     1
     18    10    11
      8     4    14
      8     5    15
     14     5    10
     18     1    15
      5     4     8
     14     7     9
     12     8     6
     20     2     3
      7     3     9
      9     3    11
      1     5     4
     14     7    14
     12     1    14
     17     7     2
     19     7     3
     14    10     5
     12     2    13
     10     4     9
      2     5     9
     15     3     8
     14     8     9
     15     7    15
      3     7     9
      7     4     4
      8     2    13
     10     2     7
      1     1     9
     15     4    11
      8     3     2
      1    10    12
      1     1    15
      3     9     8
     18     2     5
     12     2     9
      7     9     9
     19     6     8
      1     2     4
     16     5     5
     17     3    13
     10     9    15
      7     8     5
      8     5    12
      4     3     3
     12     3     6
      6     1     4
     19    10    12
      8     1    10
      8     9     1
     17     7     6
     20     6     5
     18     4     5
     16     6    12
      4     4     7
      4     4     8
     11     6     7
     20     3     6
     17     2    15
      1     4     7
     14     8     1
      5     3    12
     13     9     7
      8     9     4
     17    10    13
     20    10    11
      4    10    10
     12     9     4
     16     9     7
      2     8    12
      7     6    15
     16    10     3
      7     4     2
      1     2    13
     18    10     2
      9     6     9
      3     9    15
     17     2    15
     12     1     3
     15     5     1
     14     9     2
     18     8     3
     12     6     6
      9     8    13
     17     4    10
     16     4     7
      3     4     9
     15     4     3
      4     7    12
     18     8     3
      6     2     4
     13     1     4
     17    10     2
     20     9     8
      3    10    12
      2     4     8
     14     7     3
      2     3     3
     11     2    15
      7    10    13
     13     9    14
     20     5     9
      4    10     1
      1     7    13
     17     2     8
      2     3    10
      1     6     7
     10     9    15
      6     2     2
     11     8     7
     19     3     7
     14     3     3
     14     7    11
     13     9     9
     19     3    12
      9     7     9
      8     8    13
      6     5     9
     19     8     6
     19    10     5
      5     4    15
      3     5    14
      3    10     6
     12     2     5
      3     5     4
     12    10    14
     11     7     9
     15     6    10
     14    10    11
     13     1     8
      6     8     7
     15     1     6
      2     9     3
     14     9     8
      1     6     6
     15     4     1
      6     7    10
     15     2    10
     13     8    15
     12     4    13
     16     2    10
     11     5     1
     18     6     1
      5     4     4
     20     3     6
     19    10    15
      3     8    14
      4     5    15
     14     7    12
     11    10     1
      4    10     3
      9     4     2
     16     7    10
     13     5     9
      2     3     7
      1     4    13
      7     8    15
     12    10    12
      9     1     6
      1     8     9
     13     4     4
      5    10     9
     16     3     8
     19     3     5
      7     7     5
     13     2     4
      1     5     5
      7     3    12
      9     3     1
      9     6    11
      5     4     2
      7     4     5
     13     3    14
     19     2    15
      9     7    10
      4    10    11
      3     3     2
     13     9    13
     18     4    13
     18     7     8
     16     7    10
      2     4    14
     19     4     1
      8     8    15
     19     1     1
     18     7    12
      7     4     6
     11     8     7
     18    10     6
      7     7    12
     18     9    10
     13     7    13
      1     3    11
     14     2     8
      5     8    10
     15     5     6
      4    10     1
     14     9    14
      7    10     6
     11     5     4
     20     5    10
     16     7     5
      4     2    10
      3     5     9
     10     2    10
     13     2     9
     18     8     9
     17     1     4
     17     6     4
     20    10     6
      7     6    15
      8     8     5
      8     3     7
     16     5    15
     11     6    12
      4     2     2
     14     7     8
      5     9     7
     18     1     1
      3    10     7
     19     1    13
     17    10    12
      7     6     4
     11     8     4
      5     1    12
     16    10     8
      8    10     2
      3     6     4
     15     6    14
      1    10     8
     12    10     2
     10     2     3
     14     8     5
      1     9    13
      2     6     2
     14     8     3
     15     9     5
     11     4     1
     10     9     8
     14     3     7
     20     8    10
      9    10     2
     16     4     8
     15    10    13
     10     9     1
     19     6     3
      6     7    15
      4     2     5
     20     5     7
     16     9    14
     11     8    13
     12     9    11
     18     8     8
     19     1     6
     10     4    10
      7     1     7
      5     1    11
     14     8    15
     18    10     3
     19     9     6
      9     2     3
     13     2    15
     19     2    13
     14     1     2
      2     5    12
     11    10    13
     16     8    15
      9     7     1
     15     6    13
     10     8     2
     15     1    11
      3    10    12
     14     5    13
