   1000
     10     3     3
      7     6    13
     20    10    12
      2     7    13
     13     7     4
     19    10     1
     12     6     2
      4     5     7
     17     2    13
     16     9    10
     17     7     5
     19     9     1
      6     1     4
      2     6     9
      9     1     8
     12     2     8
      1     8    14
     19    10     9
     19     9    11
     16     6    15
      5     6    12
      5     1     8
      6     2    10
      2     7     2
     14     4     7
      4     9    11
      6     2     3
     20     2     2
     15     3     6
      9    10     2
     12     6     8
     12     1    13
      9     1     3
     13     4    11
     19     6     9
     20     5    15
      1     2    15
      8     3     9
      5     4    11
     13     6     1
     10     3     5
      2     6     8
      6     2    10
      6    10    10
     12     3     3
     18     9     7
     16     9     1
     19     4     4
      7     7     5
      5     5     5
      8     1    11
     13     1    11
     18    10    12
      6     4    14
     14     2     5
     17    10     2
     17    10     2
      4    10     4
     14     7     7
     13     4     7
     11     2     1
     20     8     7
      7     6     2
     13     5     5
      6     5    12
      8     2    10
      6     3     8
     10     8     7
     16     6     7
      7     3    11
     18     7     7
     12     8     9
      7    10    14
      6    10     6
      2     3     5
      1    10    10
      2     2     8
      2     2    10
     19     4     3
      8     5     2
      8     2    14
     16     9    11
     11     8     5
     18     2     7
     13     5     5
     20     6     8
     19    10     2
     20     2     4
      2    10     7
     15     4     9
     11     3     3
     13     9     4
      6     7     4
     18     3    13
      5     8     3
      4     9     4
      7     8     3
     19     8    10
      5    10    14
      4    10    12
     16     6    11
      3     2     8
     17    10     6
     12     5     8
      3     8    13
     12     8    15
     12     4     6
     10     8    14
     20     8    14
      5     4     3
      9    10    15
     18     1     7
      2     8     4
     20     5     3
      5     7     4
     16     9     5
     16     5     1
      3     6    15
     16     7    11
      6     1     1
     10     7     1
     10     5    14
     17     1     3
      1    10     8
      5     6     1
      3     4    13
     17     6     7
     20     8     8
     20     7     3
      9     8     7
     15     4    14
      5     5     9
     15     7     4
      7     4    12
     16     6    11
     19     7    14
     10     9    10
      1     4     1
     11     5     2
     14     6     3
     17     8     4
      4     7    12
      4    10     5
      9     9     5
      3     1     8
      4     7    11
      5     5     7
      2     3    13
      9     9     3
     14     8    15
      4     1    11
      5     5    12
      6     4     3
     10     5     1
     10     9     8
     15     2     3
      7     3     7
     15     3     2
      5     2    12
      2     2     6
      2     6     9
      4     2    10
      1     2     4
     14     1    12
     15     2     8
      4     7    15
     20     9     2
      7    10    10
      9     8    15
      4     6     8
     10     3    15
     10     9     3
      7     1    15
     16     4     1
     14    10     5
     19     7    12
      1     9    10
      3     6     4
      8     6    14
      3     4     8
      5     9    14
      9     4    15
     13    10     5
     11     6     4
     18     3     4
      7     4    12
      4     4     2
      2     4     6
      1     4     4
     18     9     4
     19     1     2
      4     4     8
      8     5     4
      7     1     9
     14     9    11
      6     7     5
     19     5     5
     19     3     6
      7     8     9
      5     3     6
      2     2     3
     12     4    15
     16     8     8
     11     9     2
      4     1    11
     14     4     3
     13     2    13
      7     1     4
     19     4     7
     13     5     7
     18     5     5
      7     7     7
     16     1     9
      3     8     8
      7     4     1
      3     2     3
      8     1     3
     14     2     1
      6     3    13
     11     2     9
      7     8    13
      1     2    11
      4     4    12
      1     5     7
     19     8     8
      1     3    14
      2     6     8
      2     1     6
     13     6    13
     20     8    14
      6     1     9
     19    10     7
     13     4     3
     18     3     4
     10     2     7
     14     1     9
      9    10    14
     13     9    12
      3     1     4
     20     7     6
      8     8     5
      3     6     1
      9     7    10
      4     6     3
      8     4     4
      1     4     8
     20     4     4
     20     5     9
     11     3    10
      6     1     8
     20     4     9
     11     5    10
     17     6     1
      4     2     2
     15     9    14
     20     1     8
     20     6     1
     18     7    14
     12     8     7
      9     7    14
      8     1    12
     18    10     7
     15     2    11
     19     2    15
     11     9     5
      3     7     7
     11     4    11
     12    10     9
     15     8    11
     16     4    11
     13     8     1
     14     2     3
      1     5     1
      6    10     4
      9     6     3
     18     8    12
     12     2    10
      7     8     6
      6     3     9
      9     5     2
     10     4     4
      4     9     7
      6     3     3
     20     1     6
      2     8    13
     10     3    13
     17     2    11
      3     2    12
      5     1    12
      8     6    15
     12     4     4
     12     7    12
     17     1    15
      9     7     8
     16     4    11
     20     3    13
     17     5    12
     15     2     2
     10     9    13
      8     5    13
      8     2     8
     14     3     5
     18     3     2
     19     9    10
     15     7    11
      3     7    11
     16     1     8
     16     5     8
     15    10     4
     19     3     4
      3    10     7
      6     7     2
     10     9     3
     11     6     9
     16     2    13
     14    10     3
     18     5     5
     12     7    12
      8     7     3
      9     7     8
     16     9     2
     18     2    15
      7    10     7
      2     2    14
     15     8    12
     19     5    13
      1     2     6
      8     2    11
     16     1     8
      1     1    10
      5     4     9
     15     5     8
      1     3    15
      6     3     1
      4     6    13
      5     6    15
     18     5    13
      3     9    13
     19    10     3
     13     9     9
      2     4     7
     20     3     4
      1     3    11
     12     1     2
      8     2     7
     11    10    12
     20     5     6
     14    10     6
     15     9    11
     20     2    13
     16     1     6
     11     2     6
     11     4     6
      6     6     3
     11     1     9
     14     8     4
     13    10    12
     12     2     8
     17     4     7
     14     9     1
     11     8    11
      2     3    13
      8     8     7
      9     6    14
     13     7     3
      6     4    15
     20     7     6
      4    10     3
     14     6    10
      2     6     7
      8     4     9
      3     7     9
     11     3     4
     17     8     1
      7    10    13
     16     2    10
     18     1     6
     15     7    15
     13     6     4
      5    10    15
      3     7    14
      1     4     3
     10     7    14
      6     5    13
      5    10     1
      9     4     9
      1     5    13
      3     5     7
     14     2     1
      4     3    10
      8     3     7
     17     9    15
     13     7     6
      3     1     9
     13     4     2
      5    10    14
     20     8    10
      6     4    15
     14     1    10
     13     6     2
     14     6    12
     10     7     6
      4     5     4
     15     6     3
     16     6     1
      1     8     9
      1    10     6
     15     1     9
      8     6     7
      4     8    12
      3     8     4
     14     2     5
      2     2     1
      3     7     7
     11    10    11
      9     4     5
      6     7     7
     17     2     3
      3    10    10
      2     7    14
     17     9    14
     20     3     9
      4     9     3
      3     1    15
     14     7    13
     18     1    11
     13     5     1
     17     9     9
      7     3     3
     12     7    10
     12     6    13
     12    10    13
      1     3    10
     10     3     3
     15     6    14
     12     2     2
     16     5     5
     13     5     3
     20     3    13
     12     2    12
      1     6    11
     14     9     8
      1     8     7
     13     4     4
      2     4     2
     12     7    10
      6     9    15
      3     9     5
     19     8     4
     17     2     1
     12     2     2
      4     5    13
      8    10     3
     17     5     3
     18     7     8
     15     2     4
      9     4    11
     17     8     1
     18    10    12
     18     7    14
      9     6     6
     15    10    13
      1     8     7
      3     4    10
      1     6     1
     13     5    10
      6     9    15
      3     8     7
      6     3    10
      2     4     8
     14     8    10
     18     5     6
     16     3     9
      9     7     6
      6     4     6
     14     9     8
     16     7    14
      5     3     1
      8     6    13
     12     7     2
      3     7    14
     19     9     1
      5     3     9
      9    10    10
      5     9    14
      4     6     1
     14     1    10
      3     4     7
      7     8     2
      6     1     7
      9     7    12
     20     9     4
     16     2     6
     11     3    12
      5     9    15
      2     6     8
      9     3    14
     13     9    14
     19     5    15
      1     5     4
     19     3    15
     20     9     4
     12     4    12
     20     8    10
      7     8     9
      6     6    11
      7     9     7
      6     8     9
     17     2    15
      7    10    14
     20     7    12
     12     1     2
     14     1     3
     20     2     1
     12    10    10
      8     3     9
     11     8     8
     10     5     5
     11    10     4
     10     2    12
     10     8     4
      7     8     9
     17     1    15
      5     2    10
     15     5    13
     16     1     8
     18     4     8
      9     4    13
      7    10    11
     14     6    13
      7     5     8
     11     6     5
     12     3     3
     11     2    11
      5     3     9
     15    10    14
      4     9     6
      2     6    12
      5     1     4
     18     5     2
      3     3     2
      6     3    12
      8     3    12
      7     5     9
     11     2     3
      6     2    15
     18     5    15
      6     1     4
      4     8     6
     16     1     2
      7     6    12
     10     4     2
      8     2     8
     16    10     2
     15     5    11
      4     5     9
      6     9    14
     13     6     8
     15     6     8
     20     2     5
      4     6    12
     17     1     7
     12     4    12
      2     6     2
     16     6    15
      4     3     7
     10     9     9
      9     7     6
     10     7    13
     16     6     2
     13     3     4
     18     5     9
     16     7    14
      2     9     4
      8     6    11
     12     1     4
      9     9     5
     19     6     9
     13     1     6
      9     7     7
     12     5     3
     19     5     2
     12     9     1
      8     4    13
      4     5     6
     15    10     4
     16     3     1
      2     7    10
      5     7    13
     15     9     4
     13     7     4
      1     7     8
      6     6     2
     11     3     2
     10     8     4
     12     1     9
      3    10     9
     14     8    14
      4     1    14
     11     3     3
      5     4     2
      3     6    14
      4    10    13
     15     6     1
      9     2     6
     20     2     4
     15     9    10
      7     6     6
      3     7    14
      8     8    10
     12     8    15
     20     5     8
      5     4    10
      1     1     7
     20    10     9
     11     8    14
     13     7    10
      9     8     2
     12     8     1
     12     1     1
     15     7     2
     20     4    15
      4     7    13
      8     5    12
     18     2     9
     14     4     4
     18     9    12
      4     6    10
     16     3     5
      6     7     5
     10     1     7
     12     2    15
     14     6    10
      9     2     9
     13     7    13
     14    10     7
      1     8     1
     11     2    10
     16     2     7
      9     9     7
     10     5    10
     15     6    15
      2     6    14
     13     3    15
     14     4    10
     11     8    13
     15     3     5
      5     6     5
      9    10     2
     17     8    15
      3     3     6
     10    10     3
     11     2     4
      5     1    15
      2     6     1
      2     4     3
      4     4     4
     20     4    12
     10     1    10
     20     4     7
     14     7    13
     10     7    10
      3     5     5
      7     2     6
     16     6    14
     19     5     6
     11     7     3
      2     4    15
      7     9     4
      5     3     2
      4     7     6
      4     8     3
     11     4     5
     15     3    11
     13     7    14
     11     5    14
     15     8     7
     15     7     9
      6     2    14
     16    10     1
      9    10    12
     20     2     6
      9     7     7
      4     9     7
      2     7     8
      2     6     2
      8     8    15
     20     6     3
      8    10     7
     10     9     2
      2     3    13
     19     4    11
      4     9     8
      3     1    10
     11     3    15
     13     7     3
      3     9    11
     11     9    15
     10     9     6
      4    10    15
     11     9     2
     20    10     7
     19     4     5
     17    10     7
      2    10     6
      1     6     1
      4     9     2
     20     5     2
      6     3     3
      7     3     2
     20    10    15
     17     3     8
     15     3     5
      8     4     8
     14     1     9
     18     9     6
     13     5    12
     16     9     8
      5     4    15
      8     5    12
     12     6     8
     19     3    12
      7     5    13
     12    10     8
      3     7     4
     12    10    13
     10     1    13
      2     5    14
     13     3    12
      8     1     1
      1     6    11
     14     9    13
      7     9    15
      4     1    13
     20     8    13
      9     2    11
      8    10     5
     18     3    12
     11     7     6
      8     4    12
     20     4     5
      3     7     4
      3     9    10
     12    10    10
     11    10    10
      8     3     3
     17     4     2
     20     4     6
     16     4     5
      1     5    10
     19     5    13
      4     2     2
     18    10     8
      2     8    13
     19     9    11
      7     2     3
      4     9    12
     18     4    14
      1     7     1
     19     2     3
      1    10    11
     11     7     7
     12     1     3
     15     2     6
      4     8    14
     18     4     7
     10     4    13
      2    10     4
     17     9    12
      9     4     8
      7    10    15
     16     3     3
      2     4    13
      9     9    11
     20     7    15
      9     4     8
     14     3     6
     15     5     2
      8    10     6
     13     6    13
     14     3    11
      3     8    14
     18     6    11
     17     3     5
     18     6     5
      5     3    12
     10     8     9
     17     9    15
     15     8    12
     12     9    15
     14     4     8
     15     9    15
      9     2    10
      9     7     6
      5     2     2
      6     1     5
      8     1     3
      2     4     2
     17     9     7
     19     6     9
     16     7     1
     11     1    11
     17     5     5
      9    10    12
      4    10    10
     10     7     3
     14    10    12
      4     6    11
      6     9    12
      5     5     2
      5     4    10
      3     5     2
      4     7     5
     19     1     7
     15     2     9
      9     5    15
     11     1    14
     10    10    10
     12     8     2
     18     4    14
     20     5     6
      4     4    15
      5     7    14
     17     7    13
     11     1    10
     10     1     6
     17     9    11
      4     1    10
     19     8     4
      1     8    15
     19     7     4
     17     5    14
     11     3     3
     15    10     7
      5     5     6
     20     5    11
      5     8     3
      5    10     3
     11     7     1
     12     9     3
     14     8     1
      7     6     7
     11     1     1
      4     5     6
      3     2    15
     18     7     2
      5     7     5
      9     5     9
      3    10     3
      7    10     3
     14    10     4
     11     1    12
      8     4     4
      8     1    11
      7     6     9
     20     6     7
      5     5     9
      8     5    15
      9     3    14
     16     8     8
      3     5     4
      3     2    13
      1     3     5
      9     6     2
     18    10    15
      1     8     9
      7     9     7
     10     6     4
     19     7     7
      6     1     6
      2     4     2
     13     1     9
      7     8     7
      4     7     5
      9     5    13
      7     6     1
      7     4     3
     18    10     2
     18     3    13
      1     4    14
      7     4    14
      7     5     9
     18     6    13
      7     8     9
     12     2    11
      4     2     2
      1     3    11
     13     8     1
      8     9    13
     19    10    14
     11    10     5
      9     3     4
     20     3     6
      7     1     3
     14     6    11
     12     6    15
     19     5     1
      9     2     6
      4     1     1
     16     1     1
      2     8    14
     14     7    12
     19     2    12
      9     6     2
     17     2     2
      7     5     9
      7     1    10
     20     8     3
      2     4    12
      1     4    13
      5     9     1
     19     2     5
     13     6     9
     15     2     1
      2     5    10
      3     7    11
      6     5    15
     11     1     7
     10    10     5
      3     8     8
      1     3    12
     13     8     9
     18     2     1
      2     5    11
      2     4    15
      8     4    13
     16     4     5
      8     5    13
     14     9    10
      4     8     2
      6     7     3
      3     3     4
      7     9     4
      3    10     6
      8    10    10
      7     9     7
     11     9    10
     11     1    14
     15    10     8
      3     6     9
     13     7    14
      9     4    11
      6     2     3
      8     8     5
      9     8    13
     19     1     8
     19     2    13
     13    10    13
     11     8     8
     15     4     9
     10     8     9
     12     6     4
      1     5     7
      3    10     7
      5     5    11
      2     9     1
      9     1     8
      9     8    14
     14     9     1
     11    10     8
      1     1     8
      4     1    13
      9    10    11
      7     4    10
     18     3     1
      7     8    13
      1     3     1
      5    10    14
     15     3     5
     19     2    11
      8     6    12
     15    10     6
      8     4     2
     20     7     7
     20     3     9
      5     1     7
     14     2    11
      4     2     8
     18     2     4
     20     5     3
      7     2     8
     13     3     7
      9     7    13
     14     2     4
      4     4    11
     18     2     3
      2     2     8
      8     3     6
      5     4    10
     14     2    13
     11     3     4
     19     5     7
     19     4    13
     18     2     3
     17     4    12
      9     9     2
     16     2     5
     11     3    10
     13     6     3
     15     4     5
