   1000
     18     1    12
      2     3     4
      6     9     7
     15     4     9
     14     5     6
      1     6     2
      6     8     7
      8     3     6
     20     4    11
      3    10    10
      6     9    15
     14     1    14
     13     8    12
     16     9     5
     18    10     3
      1    10     7
     15     2     1
     18    10    12
      2    10     3
     13     7    13
      8     5     1
      6    10     9
     14     5     4
      9     4     9
     13     6    15
     17     5    13
     18     6     1
     18     1     7
     20     3     5
     13     9     8
     11     6     9
     11     9     5
      3     4     4
      7     7    13
      2     4    14
      3     3     6
     17     1    14
      8     4     2
     14     8    15
     17     3     6
     17     1    15
     17     2    15
      9     7    15
     16     6     4
      7     4     6
      8     5    12
      5     7     1
      7     6     6
     18     5    12
     12     1     1
      3     3     8
      6     4     5
     17     5     6
     18     5     1
      3     4     2
     20    10    11
     15    10     7
      6    10    10
      4     3     4
      3     7    13
      5     5     4
     19     6    12
     10     6     5
     14     9    15
      4    10    15
     19     5     9
     16     8     2
     16     9     2
     18    10     9
     11     9    14
     12     9    14
     12     7    12
      3     6     5
     17     8    12
     18     6     7
      6     3    11
      9     2    11
      2     3    11
      4    10    14
     12     6     3
     11     1     3
     16     5     6
     12    10    11
     20     1    13
     10     3    15
     12     9    15
     16     5    12
      5     1     5
     19     7     1
     20     4     7
      3    10     7
     20     6     7
      4     9    13
      8     5     8
     20     2    10
     10     2     5
     12     6     9
      3     9     7
     20     2    11
      1     6     4
      7    10    15
      6     2    11
      6     4     9
      5     5    12
      5    10     6
      4     2     6
      8     3     3
      9     1     8
     18     3     6
      2     4    14
     17     3    13
     15     5    11
     18     3    12
      9     4    10
     16     3    15
     17     4     8
     13     1    10
     12     9    10
     18     9     4
      2     9     9
      3     1    13
      2     6    12
     18     3    15
     16     4    10
      4     6    15
      7     4    15
     11     3     8
     18     4    15
      5     3     8
     19     7     3
     12     1     8
     19    10    14
     20     8     9
     17     4     4
     12    10    11
      9     4    12
     20     1     6
      8     4     3
     16     9    14
      4     6     9
      4     1     6
     15     4     2
     13     9    12
     18    10    13
      1     4     5
     12     5    12
     17     4     9
     19     5    13
      8     9     2
      6     9     3
     20     5    11
     12     1     1
      1     9     8
      3     7     6
      8     8    12
      3     6     9
     14     1     3
      5     2     7
     11     1    11
     10     7     6
     12     7     6
     10     3     4
      8     3    11
     11    10    12
      5     6    12
      4     3    10
     18     6     1
     16     7     1
     12     1    13
     16     1     6
     11     6     6
      5    10    15
      9    10    12
     15     8    11
     20     2    15
     13     1     3
     13     2    14
     16     9    11
     13     7    10
      2     8     1
      3     1     3
     10     7     6
     18     3     4
      9     1     9
     18     9    10
      3     3     3
     19     3     6
      6     8     4
     15     9    15
     18     5     3
     10     9     6
     11     2     6
      5     5     4
     17     6    12
      1     7    14
      7     9     8
     11     6    10
      6    10     3
     12    10     8
     15     5     5
     10     5     1
     13     8    11
     14     5    11
      4     8     4
      3     2    11
      8     8    13
      2     9    13
      6     8    15
     14     9    10
     17    10    13
     18     1     5
     15     5    12
      8     2     8
      9    10    14
     19     2    14
     10     6     8
     19     8    14
     18     6    11
      9     3    12
      3    10    12
      4     9    15
     13     4    15
      4     3     4
      5     4     7
     16    10    14
     11    10    13
      6     7     8
      6     3     7
     20     6    13
     12     3     4
     14     6    10
     18     3     6
     15     1     4
      5     7     5
     19     7     3
      5    10    12
      2     6     3
     12     8    15
      5     2    13
     14     5    13
      9     9    12
     20     5    14
     10    10    11
     15     8    12
      8     4    13
      2     8     3
      4     5     3
     12     7    14
     20     2     5
     20     9     4
      9     4    10
     20     6     4
     14     8    10
     18     2    14
      1     9    12
      8     2    10
      3     2    11
      1     4     9
     16     5    12
     13     8    11
      8     2     3
     20     6    14
     10     5    13
     13     1     9
      9     7    12
      6    10    10
      7     3    10
      8     2     3
     20     8     9
     13     2     6
     14     5     4
     14     5     4
     14     6    13
     16     7     7
      1     3     6
     13     5     7
     20    10    10
     18     1    11
     14     6    10
     19     7     4
     16     1     7
     15     1     5
      1     7     2
     16     8    15
      3     8    15
      4     1    15
      1     5     4
     13     9    15
     17     2    14
      1     1     1
     14     7     4
     10     8     1
     18     9    12
      1     2     7
     13     2    10
      9     7     2
      6     8    12
      9     2     8
      5     8     2
      9     7     6
      7     7    14
      3     1     3
     12     2    13
     15     4    14
     10     2     6
     14     4     8
      7     6     5
      1     6    12
      8     2     9
      7     7     7
      9     4     6
     14    10     2
      3     6     1
     15     7     5
      5     6    14
      1     7     9
     12     5    13
     17     1    14
     14     1    11
     16     1     9
     11     9     9
     19     6     5
     10     5     2
     17     2     3
      7     7    13
      9     2     8
      4     8    14
      3     8    14
      5     1     8
     13     6     9
     18     1     1
      9     6    11
      6     5     5
     12     8     1
      1     6     6
     11    10     5
      4     6     3
     20     6     9
     20     5    13
      9     9     5
     12     6     4
     12     5     6
     19     8    13
      6     2     4
      7     4    13
     17     3    14
      6     9    14
      6     1     8
     15     3     6
     14     4     3
     13     9     6
     12     7    14
     16     3    11
      4     9    12
      1     8     2
     15     9    14
      4     5     3
     14     7     1
     20     6     9
     11     1    11
     13     2     8
      8     4    14
     17    10    11
      3     3     7
     17     4    13
      6     5    11
      3     9    14
     14     6     7
      2     9    11
      3     2    14
      3     7     8
     17     4     9
      1     4     7
     18     4     2
      3     7    11
      7     5     8
     10     5    13
     10     9    10
      4     8    14
      4     4    12
     10     1    14
     11     5     2
     20     1     5
      2     2     1
      3     7     1
     15     3     6
      2     3     7
      4     4     7
      5     6    15
      8     3     1
     15     2     3
     16     3     6
      4     1     7
     20     3     9
     18     6    14
     17     9     2
     16     4     1
     13     7     6
      1     4     9
      3     3     5
     17     5     8
     16     1     2
     18     5    13
     15     3    13
      4    10     6
      1     1     6
      3     5    11
     12     3    15
      1     1     3
     14     6    13
      9     1     1
     12     1    12
      3     3     6
      7     5    10
     15     6     1
     10     6     9
     12     1     7
      8     3     4
     13     5     2
      2     1    13
      3     2     8
     20     2    10
     17     9     8
     11     9    11
     18     8     9
     20    10    15
      6     6    13
      9     9     5
      1    10     6
      2     7     4
      3     7     9
     10     1    15
     14     9    11
     16     5     7
     19     7     5
      6     4     8
      4     1     8
     14     8    15
      2     9    13
      8     9    13
     13     1    10
     11     5     8
      2     4     2
     12    10     2
     17     3     6
     18    10     2
      4     7    11
      1     7    11
     12     4     4
      8     1     2
      9    10    14
      7     6     2
      6     4    12
     19    10    12
     10     4    11
      3     6     6
     15     9     8
      4     9    14
      2     3    15
      6     6     7
      8     6     8
     16     7     3
     10     9     6
     18     6     6
      9     7     1
      3     8    11
      7     5    13
     12     8    14
     18     5     5
      4     2    14
     18     1     2
     16     5     1
      8     4    10
      3     1     8
      4     4    15
     15     2     6
      3     6     8
     10     3     8
      5     2     6
     17     9     9
      6     2     8
     18    10    12
     16     4    14
      6     3    11
     19     9    13
     14    10     5
      2     6    14
     20     3    10
     20    10    15
     19     1     3
     14     7     1
      8     7     6
      2     1     5
     12     9     3
     14    10    11
     11     2     8
      1     3     6
     19     4    13
     19     9    13
     17     3     3
     20     9    15
     13     8     8
     12     5    13
      6     5     1
      7     5    10
     10     8     7
     10     4    15
     20    10     8
     12     7     6
     17     6    14
     19     3     5
     10     6    10
      7     4     6
      6     3     2
      9     1     5
     16     4     9
     19     6    11
     13     4    12
      7     3    14
     19     1    10
     20     8    13
     16    10     2
      5     5     7
      7     5     1
     10     2     5
      4     5     4
     10     1     4
      3     6    11
      7     1     7
     19     5     4
     10     3     5
      3     7     1
     18     2     7
     20     9     7
     13     9    15
     10     3     5
      4     2     2
     12     4     1
     10     4    14
     10     5     8
     10     4     1
     18     4     6
     17     8     8
     12     4     6
     20     1     7
      5    10    11
     16     7     8
     16     4     6
     11     3    14
      1     3    14
     20     8     4
      5     2    12
      6     1    11
      5     3     1
      6     8    10
     13     3     1
     18     4    11
     10     1     3
      2     8    15
     17     2    13
     13     5     1
      3     5    11
      6     2    13
     20    10     5
      5     5     6
     18    10    11
     18     9     8
      2     8     8
      9     5     5
     17     2     8
     18     7     3
     10    10     8
     17     6     6
     11     6    13
      5     5     2
     16     5     1
     19     5    10
     19     3     6
     16    10     2
     18     1    12
      4     3     6
     16     7     5
      9     8    13
      8    10     1
     11     1     5
      4     1    14
      1     4    10
     20     6    10
      1     5     1
     13     4     6
     11     9    15
      9    10     1
     14     9     5
     19     9     3
      3     3     1
     10     8     4
      1     5    12
      4     3    13
     19     2    15
     11     6    14
     18    10     4
     12     3     6
     16    10    13
      7     9     7
     18     8     4
      1     6    11
      9     5     2
      5     8     6
      2    10     4
     15     8    11
     18     9     3
      7     7    13
     17     9     3
     11     2     9
      7     2    11
     19    10    10
     13    10    11
     10     3     7
     15     6     3
      8     1    15
      3     5    10
      8     2    10
     13     3    15
      5     9     5
      1    10    15
      2     6     5
     18     4     2
      6     9     1
      3     5    12
      4     1     9
     18     9     4
      6     5     1
     20     6     9
      1    10     1
      3     2     5
      5     6    11
      3     8    15
     15     4    14
      4     9    15
     17     6     5
      6     6     7
     11     1    14
      5     9     2
      6     2     2
     14    10    15
     17     2    11
      4     1     8
     13     4    11
     13     1     7
     15     8    10
      4     2     6
      6     5    13
     14     5    11
      2     9     9
     11    10    14
      4     1    14
     12     1    12
     13     4    11
      1     9    10
      3    10     1
      7     8     3
     10     8     8
      8     9    15
      8     4     5
      5     9    12
     10    10    12
     16     3    13
      6     5     4
     15    10    13
      2     2     9
      4     6    10
     19     9     2
      5    10    11
      1    10    15
      7    10     4
     11     4     8
     18     2     4
     16     9     3
     18    10     1
      7     1     4
      3     5     6
      5     5    12
     19     1     2
      9     4    15
     19     6     8
      3     6     2
     20     7    10
      6     3     6
      8     1     3
     12     3    11
      5    10    13
     16     2     6
     18     5     7
      1     5    10
      3     6    13
     15     6     7
     16    10     4
     11     3     6
      2     5    14
      5     3    10
      8     7     4
     15     5    11
      8     1    12
     19     6     1
     16     8     3
     13     3     3
     18     7     3
      6     5    10
     10    10    11
     10     2     4
      7     9    10
      3     3     4
     11     8    12
      3     2     1
      9     9     3
     20     4    10
     15     4     6
     20    10     5
     18     4    13
      9    10    12
     12     6    12
     14     6     5
      3     3     1
      6     3     5
     12     1     8
     14     4     2
      9     4     8
     18     8     5
     10     1     6
     17     5     3
      8     6     6
      1     3    14
     18     9     1
      1     8     5
      9     7     7
      9     4    10
      1     8     2
      2     8     8
      5     6     2
      7     2     3
     19     6    12
     12     8     2
      5     9    13
     14     4     5
      1     7     2
     14     6     1
      7     7     8
     10     6     8
     17     8    13
      9     7     5
      1     2     5
     10     6     7
     10     4     9
      9     7     6
      3     9     8
     17     9    15
     17     8    12
     13     6    10
     18     7    15
      6     9    14
     10     6    15
     15     6     9
     15     1    14
      3    10     5
      9     8     6
     20     8    12
      1     6    12
      2     1     2
     14     1    11
     19     1     3
     16     8     8
      3    10    12
     15     6     8
     13     3    14
      8     8     4
     20    10    12
      1     5     6
      3     1    15
     10     3     4
      4     8    15
      4     7    10
      5     4     1
      6     5    12
      8     5     9
      3     2     7
     12     6    14
     18     6    14
     16     4    14
      2     8     5
     14     8     3
     17    10    12
     10     4     7
     15     9    12
     17     5     9
     16     9     4
      5     7     1
      6     8    12
     18     6     8
      7     6    11
     18     3     4
     13     1     2
      1     3     9
      9     8    10
      1     6    14
      2     6     6
      7     2    13
     19    10     1
      4     2     4
     16     6    13
     20     7     8
      6     4    10
     18     4    15
      9     1     1
     20     3     9
     15     1    12
     19     7    10
      4     6    11
      3     4     5
     15     6    15
      1     9     3
      6     8     5
     16     4    15
     13     5    10
     10     5     3
      4     6    15
     19     8    12
      4     1     5
     19     3     9
      7     1     3
     18     6     2
     20     3    11
      7     3    11
     13     3    13
     20     2     4
     11     4     3
      2     6     4
     19     4     8
     15     6    14
     11     3     5
      2     5     3
      9     5     3
     20     5    15
     19     7    12
     17     2    14
     19     5    11
     17     3    13
      5     7     9
      7     9    14
      3     4     1
      3     9    13
     12     9     1
     18     3     9
     16     9     7
      6     9     6
      4     6     6
     12     7     4
     14     7     9
     10     8    15
     13     2    14
      4    10     8
      4     8     5
     20    10    15
      6     6    10
      4     6     6
     17     3     1
      7     5    12
     13     8     7
     11     5     3
      9     6     1
      7     9     5
     13     1    12
      2     5     8
      6     4    15
      7     4    11
      9    10     3
      2     2    12
      7     5    14
     18     9    11
     12     9    10
      9     3     2
      6     9     1
     17     4     4
      9     8    12
      6     3    12
      3    10     2
     10    10     4
     15     9     7
     10     9     3
      2     5     8
      1     8    12
      6     7    10
     12     5     3
      5     1     5
      7    10    14
     20     1     2
      1    10     1
     12    10     6
      6     1     3
     15     6     6
     12     7    12
     11     1    11
     10    10    14
     19     1     8
     13     9     1
     17     2    15
      2    10    11
     11     4    13
     19     9     4
     20    10     9
      7     4     7
     14     3     5
     12    10    15
     13     9     2
      5     4     3
      5     9     8
     15     8    11
     20     8    11
     18     7     7
      6     4     8
      6     7     1
      6     3     5
     13     5    12
      4     9    13
     15     6    14
     15     5     5
     18     8     4
      1     5    10
      9     4    12
     14     3     4
      7     4     6
     13    10     4
      5     4     5
      4     6     1
     16     3    12
      9     3    11
      5     3     7
     15     6     4
     12     7     1
      5     1     8
     20     2     5
     17     2     9
     15    10     8
      5     3    13
     15     4    15
      9     2    13
      6     2     1
     18     1    12
      6     5    13
     12     8     2
     16     5     6
     17     2     9
      8     8     2
     10    10     4
     13     3     9
     12    10    10
      8     6    11
      1     7     5
      3     1     9
      7     4     7
     19     3    13
      6     4     4
      4     9    10
      2     5     2
     12     2     8
      9     3    13
     12     1    13
     13    10    13
     13     6     7
     17     5    13
      8     7    14
     15     7     7
     17     2     5
     17     4    14
      4     4     6
     10     6    15
     17     1    10
     16     3    15
      2     2     6
      5     8     5
      2     5     8
     10     2    11
     20     6     5
      9     2     2
      2     8    10
     19     9     8
     17     9     4
     11     8     5
     10     7     3
      9     4    12
     11     3     7
     13     4     8
     20     5     9
      8    10    14
     11     9    10
     17     3     7
      3     5     6
     13     5     2
     15     7     7
      5     5    13
      6     5     3
