   1000
      4     2    15
     15    10     1
     13     9     9
     18     1    11
     13     1    13
     20     3     9
     19     2     4
     16     4     7
     19     8     4
     10     5    10
      1     3    10
      6     5    15
     20     4    15
     19     3    15
     14     1     6
     17     6    15
      8     5     8
      9     5    11
     11     4    15
     15     1     6
      6    10    14
      6     5     9
     20     8     7
     16    10    13
     13     5    11
      1     2     5
     12     4    10
     19     2    12
      7     3    13
      1     5    13
      1     1     9
     12     5     9
      6     7    11
     10    10    12
      1    10    12
      1     4    10
     19     7    15
      8     4    13
     19     6    13
      5     4     3
      3     2     3
     19     4    11
      7     5     5
      1     8    15
     19     9     4
      3     2     2
     10     8     8
     13    10    12
     12     1     8
     18     8    10
      6     7     2
     20     3     8
      8     3     9
      2     5     8
      9     3    11
      8     5     6
      6    10     4
      5     5     7
      9     5     5
      8     1     2
     18     9    10
     20     7     2
      8     1    11
      4     2     2
      5     2     6
     14     8     2
      1     5    12
     13     3     4
      7     3     8
     19     6     5
      5     8    11
      2     3    10
      5     8     9
     12     9     9
     20     4     6
     13     7    10
      6     2     9
      2     7    10
      1     7     1
     10     6    10
      9     1     1
      6     2     1
     11     9     1
      9     1     3
      1     4    10
     16     3     4
      8     8    14
     12     6    12
      1     9    12
     17     9     8
      7     7     5
      6     7    13
     15     8     9
     13     4     3
     13     5    14
      7     6    12
      9     7    13
      1     8     8
     13     6     5
     13     3     1
     12     8    13
     14     7    10
      1     7     8
     18    10    10
     14     9    10
      8     5     3
     10     3     5
     19     9    11
     19     6     3
      4     4     1
     13     7    14
     17     8     9
     10     6     1
     15    10     6
      1     5     2
     16     6    14
      5     8    13
     17     3    13
     17     3     7
     14     5     5
     17     4     7
     16     5    13
     18     2     1
      9     2     1
      5     1     8
      5     4     6
      4     9    15
     19     1     4
      2    10     5
      4     8     5
      3     8     3
     12     3     4
     18     2     6
      2     4     1
     14     3    11
      4     1    13
     15     5     1
      4     4     2
      4     7     8
      9     1     6
     11     4    13
     19    10     7
     18    10     8
     13     9     9
     12     3     7
     18     6     4
      1    10    15
     11     9     6
      8     4    10
     20     3     9
     12     8    11
      8     8    14
      4     7    13
     17     1    11
     19     3     2
      9     9     6
      1     7    12
     10     2    12
     18     7     4
      6    10    13
     17     1    15
      7     3    14
     14     3     8
      2     1     4
     10     4     3
     14     5    12
      9     7     1
     12     8    13
     11    10     7
     10     3    14
     10     4    10
     18     9     9
      8     6     6
     16     6    13
     17     1    10
      6     9    15
     17     1     5
     19     8    15
      1     6     4
     12     6     5
     14     5     9
     20     1    11
     15     2     5
     20     4    14
      8     1     7
     15     3    15
     11     3    11
     14     1     5
     18     6     9
      8     7     4
      4    10     4
      7     8    15
      6     5    12
     12     9    11
      7     8     5
      6     8    14
     15     1     7
     12     7    12
      9     9     1
     10     4    13
     16     4     2
     12     1    13
      5     6     2
      8     4     3
     13     2    11
      1     1     8
      8     6     5
      7    10     2
     16     2     1
      5     2     2
     18     8     5
      1     6    10
     12     7     9
     16     9     4
      3     3    15
     16     9     6
      4     9     1
      6     4    14
     17     8    12
     17     6    11
     16     3    14
     17     8     6
      4     4    15
      3     4     7
      7     9     4
      6     6    13
     14     1    15
     14     2     7
      6     1     6
      6     5     2
     10     8    10
     19     1    14
     14     3     3
     12     5     5
     15     5     5
     19     5     3
      6     8     9
     12     3    14
     14     1     9
      7     1     9
     19     9     1
      1     6    15
      9     8    11
     20     7    15
      8     4     1
      2     6     5
      2     5    11
     16     6     4
      6     7    15
     13    10     6
     15     9    10
     16    10    15
     15     2    13
      1     2     8
      8     9    13
     14     6     2
      1     4     6
     20     6     4
      4     7     2
     11     8     5
      8     2     7
      9     3     3
     13     3    12
      6     1    12
     10     8     1
     14     4     1
     19     9     3
     10     6     6
      8     3     2
      5     8     1
      3     7    10
      4     8    11
     18     1     7
      1     3     6
      5     9    12
     16     1     9
      6     6    10
     13    10     1
     10     9     2
     14     1     3
      3     2    13
     19    10     6
      3    10    10
      8     4    10
      2     8    14
      7     2    14
      9     4    15
      8     6     6
      1     7    13
     15     8    15
      3     5    12
     11     8    14
     17     5    13
      5    10    15
      5     8     3
     14     5    15
     11     7     5
     12     2     5
      8     3    15
     19     6     9
     17    10    11
      9     2    11
      5     7     7
      7     2     5
     12    10     1
     19     1     9
     12     8     7
     18     6    10
     12     6    14
     13    10    13
     16     7    14
     20     9     2
      6     7    10
      3     1     7
     20     4    14
     17     4     6
      5    10     1
     14     9    13
     11     9    14
      3     4     9
      3     9     5
      8     4     2
     18     3     4
     19     7     1
      1     8    12
      4     9    10
      2    10    10
      5     5     5
     20     6    15
      7     9     2
      1     3    12
     12     1    10
     14     9     2
     19     5     9
      2     6    10
      8     8    10
     11     6     8
     12     3     4
     10     7    15
      1     4    14
      7     5    13
      6     9     5
     20    10    12
     19     1     3
      7     3     3
     14     2     6
     13     2    10
     10     1     7
      5     1     8
     17     8     1
     14    10    14
      1    10    10
      3     9     8
     15     7    15
     16    10    13
      4     8     9
      8     3    15
     13     4    12
      8     5    15
      3     5     6
     12    10     2
      5     8    14
      3     4     9
     16     4    11
      5     6     1
     16     4    13
     12     8     2
      9     8    12
     18     3    10
      2     9    10
      5     5     8
     20    10     2
     16     4    13
      8     1     1
      5     9    12
      2     3     9
     14     8     9
      2     3    12
      8     7     9
     15     2     6
     16     4    14
      6     9     2
     15     4     2
     14     4     7
      4     4     1
     12     8    15
      1     9    10
     14    10    15
      9     9     8
     16     3    13
      2     3    13
     16     6    11
      8     9    14
     12     7     2
      6     5     8
     11     9    15
     18     6     5
     20     6     3
      7     7     2
     18    10     3
     15     5    10
      3     9     4
      1    10     8
     15     4    15
     10     3    11
      1     4     7
      2     2     8
     14     7     4
      4     8    13
      9     7     5
      6     5    10
     13     6     1
     13     8     3
     15     6     1
     13     8    14
     19    10    15
      9     9    14
      3     8    11
     18     7    13
     12     9    14
     20    10    11
     10     3     2
      1     9    13
     17    10    13
      6     7     4
     19     1    13
      9     5    15
     13     9    15
      4     6     4
      7     7     7
     17     1    11
     11     1     6
     17     1     3
      3     4    13
     17     6    10
      9     8     5
     10     8    14
      3     2     1
     11     6    13
     10    10     5
     17     3     3
     13     2     8
     11     6    12
     12     2     3
     10     9    11
     15     3     6
     15     3    13
     12     3    15
      5     6     4
     12     7     9
     11     1     8
      5     5    15
      7     7    15
     18     7    15
      4     5     2
     19     4    12
      2     2    10
     10     9     8
     10     2    13
      2     1     3
      9     6    14
     16     8    15
      5     4    14
     11    10     1
     15     6     1
     18     7     3
      7     7    14
      7     3     3
      2     9    15
      3     8    11
     16    10     6
      7     5    11
      2     4     9
     16     9    15
     15     9    10
      5     5    14
     20     7     4
      7     8     5
     17     9     9
     14     8    13
     15    10    11
     18    10    14
     11     3    11
     17     1     3
     12     9    13
      9     3     3
      8     9    12
     11     3     1
      3     4     8
     12     1    12
      2     2     7
      4     3     5
     19     6    13
     11     1    15
     10     9     5
     17     9    15
     15     8    10
     16     7     6
      9     2     7
      9     4    11
     10     1    15
     16     3     6
     12     4     5
     13     1     5
      7     2     9
      8     2     2
     19     7    11
     13     4     1
     15     9    11
     12     3     7
      9    10     8
      1     9     6
     11     7     5
     13     2     1
      1     6    15
      2     9     2
     15     7    10
     11    10     9
     19     1     9
      4     1    11
      5     8     1
      2     4     6
     11     3    11
     16     3    13
      2     8     9
     10     3     6
     14     7    14
     16     5     5
     17    10     2
      6    10     1
     18     4     6
     17     2     3
      5     8     5
      6     1     1
     19     6     4
      3     7     2
      4     5    11
      7    10     6
     18     7     2
     14    10    12
      7     4     1
      2     3     9
      2     5    10
     19     9    15
     15     1    12
      5     1     5
      7     6     4
      1     3    13
      7    10     3
     19     7    15
      4     2     8
      7     8    14
      7     7     2
     11     1     9
     10     6    10
     19     4    12
      2     2     5
     11     9     5
      9     7    12
      8     7     9
     18     1    14
     20     3     9
     19     3    12
     11     8    11
     20    10     3
      1     1     2
      4     4     9
      6     2     7
     20     1     2
      7     4     5
     16    10     4
      4     3     9
     16     2    10
      6     8     1
     17     1     7
      4     8    10
      4     2     7
      9     5     8
     14     5     4
     13     9     9
     18     9     4
     17     1    11
     10     9     7
     18     7    15
      8     3     6
     19     5     9
      9     3     5
      1     6    10
      3     1    15
      4     2    12
      2     3     9
     15     9    12
     10     7    11
      5     1    10
     17     1    10
     11     5    14
      2     2     3
     19     5    13
     12     7    14
     11    10     1
      1     7    10
      8     5     3
     20    10    13
      1     2     4
      3     5    12
     20     4     7
      2     2    14
     16     7    14
      2     9     9
      2     8     3
      5     3     9
      3     6     3
      1     7    14
     16     1     8
      4     6     2
      5     9    12
      3     4     3
     20     5     4
     14     2     2
     20     1    15
     19     1     6
      4     8    13
      9     5    14
     17     7     1
      9     1    12
     18     5     4
     18     7     7
     15     2     6
     19     9     8
      5     9    15
      4    10    13
      9     3     1
     17     1     9
      5     6     5
      8     5     9
      9     3     2
     12     8     1
      3     8     4
     10     1    11
     13     2     6
     18     6     8
     13     4     7
     13     8     8
     19     2     9
      4     2     5
      4     5     4
      9     2    14
     19    10    15
     11     6     4
     16     8     5
     13     3    13
      8     8     8
      2     9    15
     13    10    12
     16     3     8
      3     7     9
      8     2     1
     17     4     4
      5    10    10
      2     2    11
     20     3     1
     20     3     9
      5     2     3
     18     8    13
      1     8     6
      4     8     9
      4    10     1
      4     4     9
     11    10     1
     14     7     5
      4     7    15
     12     3    10
     18     7     1
     18     7     5
     10     4     2
      1    10    11
      7     5     6
      6     3     6
      2     6     7
     11     5    10
      6     2     9
      3     3     9
     14     9     5
     17     2    11
     11     6     8
      2     6     2
      4     3     5
      3     9    12
      8     1    12
     11     6    14
      3     7     6
      8     3     1
      1     2     8
     12     8     3
      7     9     7
     14     6    13
     19    10    15
     11     1    11
     16     2    10
      4     7     5
     10     3    11
     18     2     9
      4     7     1
     18     8    12
     19     4     4
     17    10     9
     11     8     3
      3     5    14
      8     6     7
     19     3    10
     14     4    12
     20     8     6
      3     6     1
      5     3     5
      2    10     6
      9     2     1
     14     9     9
      8     5    14
      2     9     6
     18     8    12
      2     1    10
     17     5     8
     15     4     7
     19     1     7
      8     4    13
      3     7     8
     20     2    10
     10     1     2
     11     2     9
      3     3     2
     14     1     1
      8     6    14
     12     9    15
      3     9     9
      5     3    10
      9     8     3
     15     4    11
     10     5    10
      8     7    12
      8     8    15
      9    10     9
      7     3     3
      4     4     4
     13     2    15
     16     9     6
     11     4     2
      2     1    12
      5     5     7
     16     1     9
      5     1     8
     20     3     9
      7     4    12
     14     2     9
      5     3     9
      1     4     9
     12     5     1
      1     4    12
      6     5     5
     20     2     8
      2     6     8
     16     3     5
     13     7     1
      3     1     1
      9     1     6
     17     8    10
      9     6     9
      6     5     5
      2     1    11
     16     5    11
      4     7    13
      1     9    12
      9     7    15
      8    10    11
     11     6    13
     14     8     9
     14     2     2
      8     4    14
     19     3     1
     19     1     5
      9     7    14
     19    10    10
     14     6     7
      2     5     4
     13     4     7
     20     9     6
     18     4    13
     14     7    11
     16     2     7
     19     3     1
     13     3     1
      6     2    10
      3     7     3
     12    10     4
     13     1     7
     20     5    10
      6     4    11
      7    10    15
     10     5    13
      2     8     9
      8     5     6
     15     9     1
      6     7    10
      3     6    15
      5     8    13
     13     8    15
     19     9     8
      7     5     7
     14     9    15
     11     3     5
      3     6    13
     15     4     3
     10     5     1
     17     4    11
     20     7     8
     15     7    11
     14     6    13
      7     3    12
     16     7     7
      3     2     8
     20     2     1
     13     6    13
     20     4     7
      9     1     5
      3     6     1
     17     9    13
      5     9     2
     20     5     8
      1     2    10
     13     9     3
     19     2     9
     10     5    15
     12     9    12
     12     3     8
     17     1    13
      8    10     5
      1    10     8
     12     6    13
     10     3     9
     11     5     3
     17     7    11
      2     6     2
      4    10    11
     15     4    14
      1     8     3
     11     3    13
      7    10    15
      5     2    14
     18     7     4
      3     7     2
      5     4     8
      3     4    10
      4     7    10
      2     6    13
      7    10     1
      5     1    15
      6     7     5
     20     6     9
     19     2     7
     11     2     6
     10     9     1
      3     1    12
      1     6    14
     13     9     7
      7     6     4
      7     1    15
     14     7     3
     10     9     7
      1    10    11
     14     6     4
     17     5    13
      7     8     7
     18     3     8
      6     1    11
      6     6     8
      9     3    15
      4     4    14
      7    10     1
      8     4     6
      5     1    12
      5     3     8
     17     1     8
     12    10     6
     13     7     5
      6     5     3
     18     1    14
      7     1    11
     18     6     9
      2     4     9
     15     7    11
     10     4     5
      8     9     8
     20     9     3
      3     2    13
      7    10     8
     17     8     6
      6     8     8
      6     3     4
     18     6     5
     10     4    11
      4     4     6
     16     5    13
     12     8     5
     19     7    10
      1     3     9
      7     7     1
      5     3     2
      9     2    11
      9     9     4
     11     7     3
     14     9    10
     10     1    10
     16     6     2
      3     2    13
     20     3     2
      4     7     2
     19     3     3
      3     7    13
      5     4    15
     18     2     7
      5     3    12
     14     8     1
     13     7    10
     11     5     7
      9     1    12
     18     5    10
      3     1     1
     19     4    15
      9     4    13
      4     1     7
     15     6     4
     10     4    11
      4     3    12
     16     3     2
     10     2     1
     19     6    10
      6     1    14
      3     2     7
      1     9    15
     20     5     1
      2     9     7
     15     5     4
      2     7     2
      6     8     8
      2     1     2
      9     5    13
     12     2    12
     19     6     5
     20     7     6
     11     3    13
     16     9     7
      3     5     1
     20     7     3
      5     3    13
     18     1     1
      9     2    10
      5     3     6
      5     9     6
     16     4    12
      1     1     4
      5     1     3
      4     7     6
      4    10     4
     15     7     6
      9     3     9
     14     8     7
     20     9     5
     17     1     7
     19     3    10
      6     4     9
     13    10     5
      2     2     2
     16     1     5
     12     9     1
      2     6     6
     15     9     5
     11     6     1
      5     3    13
     13     7     7
      1     5    12
      1     5     6
     19     7     2
     17     4     6
      9     5     8
     18     5    15
      2     2     2
      8     5    11
     16    10    14
     19     5     4
     17     4    11
      2     8    10
     12     8    14
     20    10    15
     13     7     6
     15     6     7
     17     8    10
     16     7     4
     14     8    11
     13     5     1
     19    10    15
     10     4     4
