   1000
     19     8     2
      5     4    13
      4     7    14
      5     5     3
     15     7     1
      4     5    10
      6     6    15
      2    10     4
      4     2     1
      4     6    12
     19     6    15
     17     8    12
     12     8     1
      6     9     7
     12    10    12
     15     2    13
     15     4    11
      7     6     2
     16     6    15
      8     4     3
     13     8     7
      9     3    11
     16     5    10
     11     3    13
     11    10    10
      6     3     9
     17     2     4
     15    10     7
     18     3    12
     10     3     8
     19     3    10
     11    10     7
     13     4    14
     18     5    15
      6     7     7
      7     9     7
     10     4    13
      9     5    14
     18     4     5
     12     8    13
     16     8     8
      9     6    10
     13     5    15
     20     9     3
      9    10     9
      3     3    11
      9     4     8
      8     3     2
     16     7     8
     13     2     2
     16     1    11
      6     9    11
      6     3    13
      8     7    11
      7     7     5
     14     6     9
      3     1     1
     10     4     4
      9     8    13
      8     6    13
      7     5    15
     19     3    13
     14     1     2
      5    10     8
      2     3    12
     16     4     1
     19     5     1
      5     5     9
     11     1    12
      8     9    10
     13     1     8
      3     2     2
     18     1     6
     14     5     6
     13    10    12
      2     3    11
     19     3     1
      1     1    13
     11    10     7
     19     8    12
     16    10     8
      8     4     6
     13     1    13
     12     9    14
     16    10    15
      1     9     4
      1     8     4
      3     5    13
     15     3    14
      6     9     3
     12    10    14
     20     1     3
     11     1    11
     12     6     7
      2     2    13
     17     1    14
     18     4     9
      9     1     1
      4    10    14
      7     4    13
     14     6     7
      1     7     1
     19     4    14
      3     9     4
     17     3    11
     11     2    15
      3     2    15
     16     6    13
     15     6     1
     17     5     7
      9     2    11
      9     8     2
      3     5     1
     12     8     5
      4     8     9
     19     7     4
     19     9    15
     15     8     4
      1     6    10
      6    10     6
      3    10    15
     20     6     7
     20     5    10
     19    10     5
      3     1     6
     14     3     9
     10     3     2
     14     3     3
     13     3    15
      3     7    14
     16     1     7
      1     2    14
      7     4     2
      1     3    14
      7     1    11
      5     4     8
     14     9     8
     18     5     6
     14     6    15
      9    10     2
      5     1     2
      1     5     2
     16     9     7
     13     1     9
      9     9     1
     15     3     5
      5     8     5
      5     4     6
      8     4     8
      3     4    14
      3     7    10
      1     1     6
     15     5    10
      2     5     6
     15     1    11
      6     7     3
     13     3     4
     11     1     6
     10     3     2
      2     8    15
     17     3    10
     18     6     2
      7     6     5
     16     7     5
      9     2    11
     14     7     2
      4    10    14
      8     2    10
     15     7     2
     15     3    11
     12    10     6
      9     1     3
     12     4     1
     15     4     3
      8     6    15
     12     7    12
      1     8    14
      4     4    14
     12     8    12
      9     4     6
      9     8     2
      1     8     8
      5     8     2
     16     3    10
      9     4     2
      8     1    11
      1     1     5
      3     9     1
      6     8     2
      8     8     2
      5     6    10
      3     5    12
     19     5    10
     13     8    15
      1     4    10
      7     2     6
     19     1     3
      5     9     7
     18     4    13
     11     7    11
     12     9    14
     15     8     4
      2     1     8
     15     1     8
     13     4    13
     10     8    13
      5     9     5
      4     4     8
      6     2     8
     12     2    14
     19     2     5
     16     3     4
     17     9     8
      7     3     1
      6     9    10
     12     9     1
      5     4     7
     14     1     4
      3     7    10
      3     2     3
     10     5     4
     20     2    13
      3     1    15
     12     2     8
     20     2     2
      6     9    11
      1     3    14
      1     6     9
     19     1     6
     10     5    11
      5     9    13
     18     7    12
     17     7     6
      5     3     8
     11     4    12
      2     4     7
     11    10    15
     10     2     5
     19     4    10
     16     6    10
      2     1     1
     15     4    11
     10     4    12
      2     2     5
      8     4     3
      3     3    10
     11     7    10
     20    10    14
      4     5     5
     20     7    12
     13     8    10
     13     2     2
     11     6     2
     10     1     3
     19     9     8
     11     9     5
      8     7    12
      7     1     9
     12     9    14
     18    10    13
      6     4     3
     12     5     2
      2     9    15
     16    10     1
      6     5    14
      1     8     8
     11     6    15
      3     1     9
     16     2    13
     20     4     5
      7    10    15
      4     5    13
      4     3     1
     20     7    12
      9     3     4
      6     6    15
     20     2    11
     15     6    11
      5     5     4
     13     5     7
     14     6     3
     20     3     2
     13     7     7
     20     9    15
      3     7     3
     16     7     3
     15    10     2
      7     9    11
      5     9     4
      1    10     4
      6    10    12
      7     9     8
     19    10     7
     10    10    14
     19     3     2
     13     3     8
      9     2     5
     20     3     2
     17     2     7
      1    10    10
     15     9     7
      6     8     7
     12     7    13
     18     1    13
      3    10     6
     20     4     3
     13     9     2
      8     6     4
     18    10    10
     10     8     5
      9     5    13
     16     5     3
     14    10     6
     11     4    12
     19     3    15
     12     8     2
     12    10     2
      4     6     2
      3     7     1
     17     2    10
     12    10     3
     10     4    12
      5     3    10
      9     7     8
      5     5    14
      2     1    15
      9     1    11
     15     8    11
     19     6    14
     11     9    15
      6     6    11
     20     3     1
      2     3    12
     10     5     9
     16     6    11
     19     6     6
      2     7     4
      5     6    11
     13     8     4
     13     4     6
      7     9     5
     10     4     9
     16     9     1
      7     4     6
      4     6    14
      7     6    10
      6     1    10
     15     2    11
      6    10    13
      4     1    11
      8     5    12
      3     1    12
     14     7     4
     10     5     2
     16     3    12
      7    10    15
      9     3    12
     18     4    13
     15     8     4
     17    10    10
     16     9    11
     18    10    15
      1     9     3
      4     9    12
     14    10     6
     15     6     4
     19     2     4
      8     1     6
     13     7    13
      4     1    10
     17     1     5
      9     3     2
     16     7     4
     10     5     3
     17     1     9
      4    10     4
     18     5     8
     12     7     3
     11    10    14
     12     1    14
     11     3    13
      5     2     1
     15    10    14
      5     7    13
     20     8    15
      3     6     8
      3     6    12
     14     7    14
     13     6     5
      4     4    10
     15     2     4
     13     4     7
     10     7     2
      4     1     3
     15     9     3
     15     6     7
      9     8     2
     14     2     1
      1     3    14
     18     5     9
      2     3     3
     15     6    10
      8     2    13
     15     9     7
      8     1     5
      3    10     2
      7     2     5
      7     1     1
     11     9     4
     10     3     7
     19     1     5
      9     4    14
     14     9    12
      4     1     8
      1    10     9
      1     6     7
      1     6    15
      5     1    13
     18     7    12
     10     8    12
     11     8    13
     10     9     5
      7     9     8
     12     6     4
     15     8    11
      3     8     5
     15     8     9
     16     9     8
     11    10    10
      7     7    11
     19     3     2
      7     3    11
      2     3     4
     16     9     4
      5     7     8
     17     3     3
      7     1     5
      4     7    10
     15     8    13
      1     5     6
     20     4    14
      7     4     9
     12     7     2
     10     6    13
     20     5     5
      7    10     6
     10     9     4
      8     8    12
     12     8     3
     13     6    11
      6     8     1
     11     8     8
      5     6     2
      3     7     4
      8     1     7
     16    10     2
     15     1     3
      5    10     4
     18     9     3
     18    10     4
      6     7     2
     19     2     9
      3     6    13
      1     5     7
     12     8     1
     18     2     4
      9     8    11
      5     2     2
      8     3     5
      6     6     8
      4     5     6
      3     6    15
      7     6    12
      5     6     4
     11    10    14
      7    10    10
     12     5     6
     17     8     5
     10     2    11
      5     2    13
     20    10    15
     15     2     7
     13     6     6
     12     7     4
     19     8    10
     10    10    12
      4     8     4
      5     2     8
     10     9     6
     17     2     4
     12     1    15
      1     9     9
     12     4    10
     15     3    13
      9     1    13
     13     1     1
     18     8     8
      7     6     5
      9     9     2
      1    10     9
     12     3    15
      2     3    13
     12     6     8
      4     5     2
      6     7    11
     17     6     8
      6     7    13
      1     9    14
      5     1     7
     12     6     8
      8     1    10
     16     9     7
     18     4    11
      5     4     3
     15     9     6
     17    10     3
     12     3     1
     18     8     8
     11     8    13
      2     1     8
      5     7     4
     19     9     8
      7     1    10
     19     9    11
     12     2     9
      7     1    12
     19     3     6
      5     9    15
     16     2     8
     17    10    13
      4     9     1
     20     4    11
     18     5    12
      2     5     7
     15     6     2
     14     2    14
      5     1     3
      6     6     1
      6     4     6
     20     9    10
      1     7    13
      5     4    13
     20     5     2
      9     7    10
     13     1     5
      3     6    13
      4     1     6
      1    10     2
      3     1     3
     10     1    10
      9     6     7
     17     4     3
      2     5     9
      9     7     8
     14     4     9
     16     1    12
      7     2    14
      6    10    10
      2     1    10
      2     8    10
     16     9     7
     13    10     1
      8    10    14
      7     6     2
     20     9    15
      8     5    10
     20     5     6
     13     4    10
     19     8     1
      7     7     2
      6     9     2
      7     3     7
     17    10    10
      4     1     3
     11     9     4
     12     6     3
      4     4     3
      9     8     2
      1     3    10
     12     7     3
      1     6    10
     11     5     3
      6     5    15
     18     9     4
      1     7     3
     17     6    15
     19     6     8
     18     4    10
     15     7     6
     20     2     1
     17     8     1
     10     4    14
      5     3     1
      3     4    12
      2    10     4
      7     8     5
     17     2     7
     20     5    12
      2     9     1
     10     6     9
      6     9    14
      6     8     1
      4     9    13
      7     9    15
     20     7     9
      3     1     7
     10     4    13
     10    10    14
     20     5     4
     17     9     5
     18     5    14
     17    10    12
      4     7     1
     16     3    12
     18     1     6
      1     3     3
      4    10     5
      1     6     1
     20     8     5
     12    10    13
     16     7     6
     18     3     4
      7     8     2
     11     6    15
     16     7     7
     14    10     6
     20     6     3
     20     9     2
     14     1     8
      1     8     7
      1     5     7
     19     9     3
      8     1     6
     10     3     3
      8     5     8
     11     6     8
     16     8    13
     11     2    13
      6     5    13
      8     6     2
     10     7     1
      5     5     4
     19     4    15
      5     9    12
      5     4    15
     15     3    15
      8     7     3
     13     7    12
     18     8     1
     12     8    11
     15     9    14
     19     8    13
      7     3    12
      8     5    15
     14     1     3
      8    10    15
      5     6     2
      3     3     3
      7     6    10
      8     4    15
      5     5    10
     20     4     4
     16     1     8
      1     3    11
     19     2     2
      7     7     5
     13     2     4
     12     8     2
      6     3     3
      6     5     5
      5     6     9
      1     4     7
      7     9    11
      8    10    12
     17    10    11
      2     7    13
     14     2    15
      8     7     9
      5     2    11
     14     7     1
     14     2    13
     12    10     5
     14     7    10
      6     3    12
      5     5     9
      5     6     1
      7     1     9
     14     4     4
     10     2     5
     14     5     3
     10     2     6
      1    10     7
     10     3     6
      7     6     2
     13     6     3
     17     6     6
      6     1     1
     11     9     9
     20     3    11
      6     2     9
      5     1    15
      7     1     4
      2     2    14
      2     1    15
      7     2    13
      2     5    13
      1     3     4
     15     4    14
     15    10     8
      4    10     1
      8     3     2
     11     7    14
     14     7    14
     15     9     6
     12     6    10
     14     2     8
     17     7    11
     16     5     7
      7     8     2
     20     7    14
      2     9     4
      6     2     9
      6    10    13
      7     7    15
      6     2     7
      6     4     1
     18     8     1
      3     7    15
      5     9    11
     20    10     7
     10     1     6
      3     5     1
     14    10     2
     17     3     8
      3     2    12
      8     3     2
      1    10     4
     19     5     3
     15     3     5
      7     5    12
      7     6     9
      6     6    14
      9     5    11
     18    10     5
     15     3     5
      3     2    14
      1     8     9
      4     9    11
     19     9     9
      1     5    12
      6     8     9
     20     1     9
     19    10    10
     19     1     9
      9     4     3
     13    10    10
      8     2    11
     15     9    12
     13     3     4
     16    10     1
     15     4    13
      1     5     5
      8     9     9
      5     6     4
      8     8     8
     13     5     5
      7     9     5
      2     2     7
     11     8    10
      3    10     2
     19     4    12
      4    10     2
     15     4     1
     17     3     3
     10     1     2
     16     4     9
      1     8    12
     14     5    11
      2     8    15
     10     2     4
     19     8     9
     19     8    13
     17     3     5
     14     9    14
     11     1    12
     12    10     2
      9     2     7
     14    10     5
     13     3     4
     18     1     8
     11     4     2
     13     7     3
      5     4     9
      8     7    13
      2     9    13
      3     5     2
      4     4     4
      2     9    10
      3     1     3
      8    10    11
      7     8     3
      7     3     6
      7     3     9
      9     1     3
     10     2     9
     12     9    13
     16     5    15
     14     2     1
     11     8     6
     13    10     9
     17     4     4
     19     1    13
      7     4     3
      2    10    14
     16     4     3
     14    10     3
     12     4     6
      2     5    11
      9     8     5
      6    10     9
      5     3    12
      4     5     8
      4     7    13
      9     2    12
      2     9     6
      2     3    14
     14     8    13
     12     5     7
      8     5     1
     13     7    14
     11     6    13
     12     4     5
     15     2    13
      6     5     7
      1     8    14
      5     3     9
     20    10     8
     10     5    15
     12     7    10
     17     7    11
     12     1     7
     10     7    11
     10     7     6
      8     2     3
      4     9     4
      7     2     8
      4     4     8
     15     6    14
      4     4    14
     16     2    14
     20     3     5
     18     2     4
     18     6     3
      3     5     5
     18     1    10
      9     9    13
     16    10    10
      2     8     7
     19     1     7
      7     4     1
      4     7    14
     16     2     2
      2     5     3
     17     5    12
      7     8     2
      7     2    10
      3     7     8
      4     8    10
     12     3     8
     19     2    10
      9     3    11
     17    10     6
      3     3    11
     11    10     5
     10     2    10
     14     7     8
      6     2     9
      7     2     9
     12     3     7
     20     2    14
     16     3    12
     12     8    12
     16     2     3
      3     6     9
     20     6    12
     19     8     1
      4     9     2
     17     4    13
      4    10     2
     13     9     1
     19     3     2
      7     3     1
     12     7    10
      6     8    14
     10     9     2
      5     6     9
     12     2    15
     12     4    15
     10     3     6
     16     8    13
     14    10     7
      3     3     9
     20     4    15
     10     8     8
      6     6    12
     14     3     5
     18    10     3
      9     2     4
      8     7    13
      5     8    14
      7     8     5
     20     2     9
      3     8    15
     19     7     6
     11     4    14
      2     5     2
      9     2     4
     19     7    13
      9     9    13
     11    10    13
      3     8     1
     12     2     2
      1     9     2
     15     1     5
      4     6     6
      2     9    13
      8     6    10
      9     2    10
      4     8     9
     20     9    13
      3     1    13
      8     5    14
     10     7    11
     16     9    13
     20     2    14
      2     8    15
     12     5     9
      5     2     5
     19     7     1
     16     2    14
      4     4    10
     14     9    11
      2    10    13
     14     3     7
     11     2    13
      7     4    13
     16     3     2
      4     8     6
     14     3     1
     18     1     1
     18     4     2
     13     1    14
      4     2     7
     20     7     4
      2     3     8
     17     7    10
     10    10     1
      4    10     3
      6     2     2
     20     7    12
     14     3    14
      4     5    12
     20     8     3
     18    10     4
     17     9    15
      9     5     4
      1     5    15
     16     5    12
     10     9    11
     13    10    11
     16     4     5
     19     5     4
     10     8    10
     10     1     4
     15     5     3
     16     5     8
      9     5     7
      8     9     2
     15     6    15
      5     6     1
      4     7     8
     10    10     3
      9     3     1
     13     6    12
     11    10    10
      6     9    13
     13     3     8
      3     5    13
      5     3    14
     18     1    13
     16    10     7
      2    10     3
     10    10     9
      1    10     5
     16     5    15
      3     9    12
      9     4     6
      1     4     9
      3     8     6
     11     7    15
