   1000
      5     9     5
     17    10    10
     11     7     2
      8     2     5
     15     3     8
      3     2     2
     19    10    12
     11     1     5
      3     6     9
     10     1    11
     15    10    10
      9     2    13
     19     5     5
      9     2     2
      8    10    14
     10     8     6
      8     7     3
     18     1    15
      4     1    11
     10     8    11
     11     3     5
      8     9    10
      2     8    13
     17    10     2
     12     8     7
     10    10     1
     11    10    13
     16    10    12
      6     3     5
     18     8    13
     10     7    10
     11     6    11
     16     8     5
      1     9    14
      5     2     4
      6    10    12
     13    10    14
      9     5    10
      3     2     3
     20     9    11
      3     9    10
     11     8     7
     12     3     5
      6     1    14
      2     5     8
     18     1     2
     14     5    15
     14     7     8
     10     3     4
     19     8    11
     18     5     5
     19     7    14
     16     1     1
     11     7     3
     12     6    14
      2    10     5
     14     1    13
      9     9     1
     14    10    15
     13     9     3
     20     8     6
     19     4     3
     13     6     8
     15     3    10
      3     5     3
     10     7     8
      5     3    12
      2     9    11
     20     4    11
     15     6     1
      6    10     5
     13     7     1
     20     2    10
      9     6     3
     15     9    10
     10     7    11
     16     3    14
      1     5    12
      9     7     9
     17     7     4
     15     1     6
     17     1     1
     13     1     3
      1    10     3
      8     1    10
      5     2     8
     12    10     6
     10     1     5
     17     4    10
      4     4     5
     16     7    11
      6     2    10
      2    10     7
     17     6     2
     15     5     2
     15     5     6
     16     5    14
      7    10     3
     16     4     8
     19     1    10
     18     4     5
      9     2    14
     15     7    12
     17     4     2
      6     2    15
     15     5    12
      4     2     1
      7     4     1
     16     9    12
     19     4     9
      5     6    11
     11    10    15
     14     8     5
     18     3     1
      8    10    11
     18     9    10
     10     6     3
      1     2     6
     20     1    13
     18     6     2
     17     4     9
     14     6     9
     19     5    12
     11     8    12
      3     6    14
     12     3     1
      4    10     9
     16    10     7
     10    10    13
      8     7    15
      8     7     3
     14     5     4
      5     9    14
      6     3    11
      9     4    11
     20     1     9
      9     3     3
     14     5     5
      2     4    10
     14     6    14
     12     4     8
      6     1     7
      2     9     4
      8    10     5
     20     7     3
      1     3    12
      9     4    11
     16     8    13
      8     9     1
     17     9     5
     15    10    10
     18     8     4
     17     3    14
     16     9    11
      6     6     1
     12    10    15
     20     9    13
     16     1    11
     17     9    10
     18     1     7
      2     7     4
     16     5    12
     14     5     2
      7     8    12
     14    10     2
      4     9     5
     15     2    15
      4     4     7
     14     5    11
      9     5     4
     12     8    11
      1     1    12
     11     9    10
     15     2     6
      5     5    10
      6     5     9
      5     6     4
      8     2     3
     19     8     6
     20     2     9
     20     3     7
     11     1    13
      3     6     3
      7     6    15
     19     6    15
     20     2     9
     14     1    10
     11     2     2
      9     5    11
     18    10     2
     20     7     9
     19    10     5
      1     5     3
      7     1    14
      8     5     1
      7     1    12
      3     6    15
     12     6     1
     16     3     6
      6     6     4
     18     8    15
     14     1     6
     13     2    14
     18     7     6
      3     4    12
      2     1     8
     11     6    13
      5     6    10
      9     4    14
     20     5     4
     19     8     5
      2     4     2
     20     4     8
     14     2     6
     10    10    12
     18     1    13
     10     6     9
      2    10     6
     12     2    11
     16     8     1
      1     9     3
      4     6     4
      3     2    12
      9     2     8
     12     1     6
      1     6    12
      9     7     7
      9     5     9
      6     6    13
      4     8     9
      2     1    12
     18     5     5
     16     9     6
     12     1     7
      7     2    14
     16     9    14
     15     2     6
     10     7     4
      8     3     6
      9     2     6
     11     1     5
     16     5    12
     10     2    12
      6     1     7
      8     4     6
      3     2    12
      8     7     3
      4     9     4
     10    10    15
     13     8    15
     19     3    10
      9     7    12
     12    10     5
     13     2    12
      6     9     9
     17     3    12
      7     8     7
      5     2     4
     20     1     3
     16     9     8
      7     3     8
      1     2     6
      5     7    15
      8     1     4
      7     6     4
      9     2    14
      3     2     9
      4     5    12
      4     7     6
     11    10     1
     16     2     6
     14     8     5
      8     7    10
      5     4    11
     13    10    10
      9     2     2
      7     8    11
      9     4     1
      1     9    11
      9     9     6
      1     8    10
      5     2     3
     15    10    15
     12     5    10
      3     7     2
     19     8     2
      4     8    13
      2     6     2
      9     3     2
     14     7     3
     15     9     4
      8     9     5
     19     6     8
     14     7     7
     10     9     9
     19     1     6
     15     1    13
      3     3    14
     20     7     6
     11     9    13
      6     1     5
     12     9     1
      5     2     8
     10     9     4
      5     8     1
      5     1     5
     18     2     3
      6     6     1
      2     4    15
     16     1    10
     16     8     6
      2     4     3
     17     2    15
     19     8    15
     14     1    15
      9     5    14
      5     5     6
      2     4     1
     20     5     4
      4     5    10
      5    10    15
     20     1    10
     14    10    12
     12     2     6
     19     5    13
     18     8     2
      8     3     7
     18     5     2
     14     1     7
      5     1     8
     10     8     7
      3     8    14
     10     7    10
     17     3     1
     18     6    15
     16     4    11
      9     7     9
     17     3     6
      2    10     7
      5     9     1
      2     8    15
      4     8     8
     17     2    15
     20     3     5
      5     5     4
      4     5     1
     12     4     6
     18     1    10
     15     8     1
      7     5     9
      9     6     5
     13     3     8
      1     2     2
      1     3     5
     11     4     9
     17     9     9
     14    10     9
     17     2     9
      3     7    11
      8     4     5
     15     7     5
     15     5    15
      7     2     1
     17     1     1
      2     1     8
      6     6     6
      7     1     8
      3     3    11
     10     1    13
      4     8     6
     19    10     6
     12    10     9
     11     6    10
     19     1     2
     19     3     9
     19     9     5
      2     8     5
      5     1     5
     15     9     9
      3     9     8
     18     6    13
     20     6     1
     10     4    11
     18     9     4
      1     4    15
     20     2     2
      2     1     1
      4     3     6
     17     9    13
     12     4     7
      2     2    13
     14     7    11
     15     5     9
     16     5    10
      2     8    12
      9     7     5
     11    10     7
     20    10    13
      7     7     7
     13     1     8
     20     4     5
      2     4    12
     12     6     8
     15    10     9
     13     4    10
      2     4     3
      5     9     2
      9     5     5
     15     7    14
      5     4    14
     15     5    13
     10     9     3
      4     3    10
     12     2    14
     19     2     6
     10     9    13
     18     4     7
     20     5     5
      3    10     9
      1     6    12
      8     6     2
     20    10    12
     10     9    13
     18     7     6
      3     8     6
      2     9     3
     19     7    10
     20     9     2
     14     7     8
     12     7    14
     14     7     4
      8     2     2
      6     5    11
      3     8    10
      3     7    12
     20     6    15
     13     8    11
     14     1    11
      4     5    13
      3     7    13
      4     6     8
      8     1     9
      2     9    12
     11     7    14
     12     1    10
      4     3    10
      1     5     6
     19     4     1
      5    10     3
     18     1     3
      7     8    11
     10     8     6
      5     9     5
      2     5     7
      2     2    14
     12     9     8
      2     4     4
     11    10    12
      6     7     2
     14     5    15
      7     7     9
     18     3     7
     19    10     5
     13     8     2
     18     7     1
     13     1    12
      8    10    12
      1     7     6
     11     7    15
      5     1     5
      2     3    10
     14     6    10
      1     5    12
     18     4    11
      2     5     9
     16     4     4
      9     6     1
     15     3     1
      1     9    14
      2     1     2
      9     7     3
     16     2     8
      7     5     4
      3     5    12
     13     8    11
      5     3    10
     10    10     2
     16     2    14
     13     2    14
     11     2    13
     20     6     5
     17     5     8
      9    10     3
     14     5     9
      4     1     8
     19     8     8
     13     3    12
      4     9    13
     19     2    10
     13     1     2
      2     5    15
      5     8    11
     12     5    15
     12     2     7
      7     3    11
     15    10     2
     14     9     9
     14     3     7
      7     3    12
      7     3    15
     19     9    13
      8     1     3
      1     7     9
     12     4     2
      6     3    15
      3     5    10
      7     4    14
     16     3     4
      3     6     9
      7     1     9
     10     7     7
      5     3    11
     13     9    14
      8     8     8
      5     9    13
     12     9    14
      3     9    15
     17     8     9
      6     1     3
      4     5    10
     13    10     2
     14     9    13
      4     1    10
      8     7     2
      1     4     6
      6     6    11
      5     5    12
      1     2     6
     14     7     8
      3     4    14
     18     6    14
      9     4    15
      5     2     4
     17     3     4
      9     1    11
      4     7     7
     15    10     2
      6     8     9
     19     9     7
      7     5    12
     12    10    11
     19    10     6
      3     1    15
     14     6     1
     18     2    10
      2     1     8
     11    10     8
      8     7    13
      9    10     7
     13     2     6
      1     5     5
     10     8    14
      1     1    14
     18     4     8
     15     4    12
     11     7    15
      6    10     7
     16     9     9
      9     4    13
     17     9    14
      4     2     3
      2     5     7
     17     5    13
     20     2     6
      2     5     9
     20     9    12
      9     1    15
     19    10     3
     19     9    12
      7     5     1
     15     2     9
     13     9     9
      7     6     9
      8     6     3
     18     8     4
     13     1    10
      6     5     4
     19     5    10
     17     3     4
     11     9     8
      8     1    10
     16     3     9
      2     2     8
      8     6     4
     15     8    13
      8     4    15
     19    10    14
     15     8    13
     15     4    15
     10     9    11
     10     6     6
      1     9    12
      8     9    13
     20     2    12
      6     4     2
      3     9     3
      3     1    10
      2     9     6
     20     3     9
      3     9    12
      5    10     6
     14     9     2
      8     4    12
      1     3    11
     15     5    13
      7     2     5
     14     3    12
     11     8    13
     19     4     4
      4    10    14
     12     3     2
     15     9     6
      3     9     1
      2     4    12
      4     8     5
     10     9     5
     19     9     8
      9     2     7
     10     6     5
      2     5    13
      7     7     1
      1     7     3
      5     6     7
     13     9     8
     13     7    12
     16     3    14
      5     8    13
     19     6     4
     12     7     9
      4     2     3
      2     7     3
      7     7    12
      7     3     6
     19    10     4
     15     6     5
      3     6     9
     13     8    10
     20     2     2
     16     2    13
     13     8     6
      5    10     7
      2     1     8
     16     7     2
     19     6     3
     20     4    12
      7     7     9
      1     8     5
      6     3    11
     12     7    10
      6     6    10
     19     9     8
     10     9     6
     14     4    11
     10     7     4
     14     1    11
      1     4     2
     20     9     7
     10     7     8
      2     2     6
     18     1     1
      5     6    15
     14     9     1
     20     6     1
      6     7     3
      1     3     8
     12     3     1
      2     5     1
     17     1    12
      9     8     3
     18     2     7
     17    10     1
     10     8     2
      9     5    12
     14    10     8
     16     5     9
      4     6     2
     11     6     4
     11    10    10
      9     2    14
     13     8     6
      8     8    14
     12     1     2
     13    10     6
     18     9    10
     16    10    12
     17     6    11
      9     1    12
     11     7    13
     14    10     7
      5     6     5
      6     6     6
     10     9     1
     17     8     3
      1     3    11
     10     7    15
      5     1     5
     13     5     3
     12     4     3
     13     7     4
     13     1     7
     14     8     5
      8     2     1
      6     4     3
     17    10     9
      5     7    13
      3    10    14
     16     2    14
      4    10     1
     10     3    11
      9     4    13
     12     5     2
      9    10    13
     18     1     4
     20     6     2
      1     5    12
     16     7     7
      9     6     3
     15     1    11
      6    10    14
      5     8     6
     16     6     1
      9     8    15
      8    10     1
     19     5    12
     18     7    15
      8     7    10
     15     6    14
      7     2     5
     18     4    14
      7     1     9
     17     9     5
      2    10    15
      7    10     2
     17     8    15
     10     5     9
     20    10    15
     16     1    13
     19     8    10
     18     2     6
     17     9    15
      4    10    12
     17     9    13
      3     8    10
     15     6    13
      7     9     5
      8     6    12
     11     7    11
      8     8     6
     14     7    13
     13     6    11
     20     1     3
     19     5    11
     17    10    11
     11     7     5
     15     8    12
      2     3     2
     12     8    12
      2     2     1
     12     2    11
      8     7    13
      5     5     1
     10     7     5
      9     8     4
     16     6     2
     16    10     8
     11     6    15
      8     7     5
     10     7    12
     11     7     1
     14     1     3
     14     1     9
      8    10     4
     13     4    13
     19     8    12
      9     8    10
     18     9     1
      5     3     4
     15     8    13
      9     8    14
     17     6     6
     19     6    15
      5     9    14
      2     6    15
      4     3    12
      7     6     5
      4     2    12
      5     6     6
     14     8    14
     18     3     1
     18     1    13
      9     5     2
     11     6     7
      1     2    15
     13     2     2
     20     3     3
      4     7     8
      4    10     6
      4     8    12
      6     4    13
     16     9    14
      7     4    11
     12     2    14
     15     6    13
      2     4    12
     16    10     1
      9     9     5
     16     2     8
     15     8    14
     18     4    13
      5     3     7
     12     1     5
      8     5     1
     20     3     7
      2     3     9
     16     1     4
      8     5     3
     11     2    15
     15     4     8
     14     3     2
     15     4     5
     20     9     2
     17    10     7
     14     2     8
      4     4     1
     17     3     1
      4     8    12
     13     1    13
      5     2    10
     12     9     9
     12    10     4
      4     2     6
     13     3     7
      6     4     8
     11     8     7
     16     8     6
     17     9    10
      4     8    14
      6     4     4
      4     7    15
     18     8     9
     11     9    13
      4     6     6
      4     4    10
      4     6    15
     20     6     4
      3     8    15
      2     9    10
     11     1    14
     17     1    14
     12     3     8
      4    10     6
     17     8     1
     10     9    15
     19     5    10
     17     6     2
     14     3    15
     20     8     8
     13     4     3
     18     4    11
      8     7     3
      4     9     6
     12     8     6
      4    10     7
     10     1     2
      9     5     7
     17     8     9
      7     7    11
     18     8     5
      5     5     8
     16     2     5
      6     5     4
      7     3    15
     20    10    11
      4     9    15
     15     7     9
     16     8     7
      8     6     4
      8     9     4
     17     2     4
      2     5    10
      2     5    15
     15     7     2
     10     8     3
      6     9     9
      7     6     7
     10     4     1
      5     4    12
      4    10     1
      5    10    11
      8     4     7
     19     4     8
      6     2     1
     20    10     3
     18     2     1
     16     2    13
     17     5    12
     16     8     1
     19     1     4
     19     5     7
     12     4     2
      2     6    10
      4     8    11
     13     1    11
     14     6     5
      9     2     7
      7     9    10
     13     1     6
      5     3     6
      1     7    11
      9     6     9
     11     3    12
     12     3    15
      9     6    11
      8     6     3
      8     6    11
      7     2    10
      6     6    15
      9     2    10
     14     6    12
      9     1    11
     20     4     5
      7     5     6
      2     3    13
      9     7     3
     10     6    13
      3     6     7
     20     2    12
     14     4     4
     14     1     8
     18     9     1
      2     7     5
      1     6     5
      3     4     8
      1    10    10
     10     5    13
     13     3     9
     17     9    10
     18     1    13
     13     8    11
     17     6     2
      5     6    10
      5    10    15
     19     5     1
      4     5    11
     19     5     9
     14     3     5
     14     3     2
     17     4     5
     20     9    14
      6     6     3
     11     7     1
      4     7     6
     14    10     8
     16     1     5
      1     4     9
     17     4    12
      5     7     9
      2     2    15
     19     8     7
     18     2     2
      2     9     1
     18     4     4
      5     4    11
      8     2     4
     20     8     7
     10    10    13
     18     4     4
     19     3     3
     11     3     7
      4     6    14
     13     2    14
      7     9     3
      9     6     6
      9     3     2
     14     3     5
     16     5     5
     19     5     2
     12     2    15
     13     3    14
      9     5     1
     15     5    13
      2     5    10
     16     7    15
      4     6     2
     16     1     2
     16     1    10
     10     7    15
     19     2     3
     17     4     8
     16     6     1
