   1000
     12    10     8
     10     7     7
     19     8     4
     12     8     7
     14     9    14
      2     9     9
     12     4    10
     19     2     5
      1    10     3
     17     5    11
     10     5     5
      1     6    14
      6     1     8
     12     6    11
      3    10     1
      6     4    14
      1     9     9
      8     6    14
     13     5     7
     11     3     4
     10     9     3
      7     4    10
      8     1     1
      3     7     6
     12     7     3
     13     7     7
      5     8     7
     17     1     2
     13     3    12
      6     4     3
     20     2     9
     11     2     1
     19     1    12
      4     3    13
      3     8     2
      4     1     1
     15     5    14
      9     4     6
      9    10     2
      8     1     8
     10    10    13
     14    10     3
     10    10    10
     11     4     9
     14     9     7
     13     8     7
     20     6     8
      1     1    15
      4     9    15
      5     5     6
      1     9    14
     13     6     2
      7     8     3
     15     6     9
     18     5     8
     11     5    15
      5     1    10
      7     4    13
     19     1     2
     18     3     8
     12     2    12
     19     5     8
     11     1    14
      4     6    13
      4     8     9
      5     1     1
     10    10     7
     19     4    14
      9     7    10
      3     2     8
     19     9     2
      2     2    14
      2     4    15
      3     7    15
     17     7     9
     18    10    11
     12     2    13
      2     9    12
      6     3    12
     15     7    11
     13     1     4
      7     8    11
     12    10     7
     10    10     8
     19     2     5
      9     6    11
      4     3     9
     18     6    12
     18     6     5
      2     9     6
     20     3     9
     13     4     1
     13     9     2
      2     5    13
      7     9     6
     12     9    13
     14     6     4
      5     9     5
      8     8     2
     10     8     7
      3     2     3
     18     7    13
     10     1    11
     11    10    15
     15     1     3
     20     8     9
      6     2     2
     18     2     4
     17     1     9
     20     4    11
      1     9    12
     13     3    13
      6    10     8
      3     9    13
     12     2    13
     18     2     2
      2     3     6
      6     5     8
     19     5     1
     10     2    13
     10     7     3
      8     6    10
     19     4    13
      4     6     3
      4     1     7
     10     4     8
     17     6     1
     17     7    11
      7     6    10
     13     7     2
     20     4    13
      7     7     9
      3     3    12
     12     4     8
     11     7    11
     14     8    10
      5     7    12
     11     4     4
      9     2     4
     19     1    12
     18     8    15
     10     8    12
      7     9    15
      3    10     1
     11     6     4
      7     4     5
     13     9     3
      8     2     6
      8     4     9
     12     4    12
      7     3    10
     15     5     3
     19     1     4
     10     3     1
     17     2     7
     18     3    12
      7     5     8
     20     2     2
      4     5     3
     14     4    14
      7     2    12
     13     4     8
      1     4    14
     19     9     5
     19     8     7
     14     1     7
      7     4    15
     20     5     4
     13     3     4
      2     8    12
     11     7     1
     13    10     6
     10     5     4
     15    10     8
      3     4     5
     19     3     6
      9     4     9
     12     1     7
      6     7     1
     11    10    13
     11     7    13
     20     4     2
     20     5     3
     18     8     5
      9     8    12
     12     2     6
      6     2    15
     19     5     3
     12     2     6
      8     2     3
     15     8     7
     15     6    13
      3     5    11
      2     3    13
     14     6     7
      7    10     3
      7     1    12
     19     3    10
     14     2    14
      1     5    12
      4     7    15
     14     5     9
      4     4     5
      1     2     5
     13     3    12
     15     5     3
     16     2     5
      6     7    12
     11     7     5
      9     7     8
     19     5     5
      9     5    15
      4     8     8
      2     1    10
     15     1    13
      4     4    11
     14     7    11
     10     8     9
     20     7    11
     10     4    14
     13     4     1
      9    10     9
      4     3     8
      7     3     8
      4     1    10
     16     3    12
     18     2    15
     18     4     8
     13     1     6
     18    10     6
     18     3    11
     18     4    13
     15    10     5
     18     9     6
      3     9     1
     11     4     5
     19     4    12
     11     3     2
     17     3     2
      1     9     2
     20    10     9
     18     5    13
     10     1    12
     11    10    10
      8     4     9
      3    10    15
      6     6    11
      8     8     9
     15     6    10
      7     9     2
      4     9    10
      4     1     8
     13     4     7
     15     2     6
     13     9    11
      3     8     3
      5    10     2
      3     3    14
      8     3     8
     14     9     2
      7     3    13
     10     9    10
      8     6    14
      1     1     7
      8     6     8
     18     6     4
     15     7     2
      6     9    15
     12     2    15
      2     6    11
      5     3    12
      4     2    12
     11     2     4
     10    10     9
     17     6    15
     11     8     4
     13     4    10
      4     3     6
     17     2     3
      4     3     5
      8     9     1
     10     2     4
     18     4     9
      4     2     5
      3     7     1
      1     9     1
     12     7     9
     18     3     9
     13     8     1
      8     4     2
      5     8    12
      9     8     3
     18     3    10
     18     5    15
      2     5     2
      4     9     4
     20    10     5
      6     3    11
      2     2     4
     20     8     2
     16     4     2
     17    10     9
     18     7     3
      3     6     9
      8     5    11
      9     8     6
      2     4     4
      3     6    14
      5     8     4
      2     4     1
      2     1    13
      8     2     3
     20     4     8
      7     3     2
     10     9    15
      5     1    11
     19    10     9
     19     2    15
     17     3     8
     10     8     9
     18    10    12
      9     9     7
      2     8    14
     14     7     5
     13     6    13
     13     5     5
      6     5     3
     20     1     8
     10     6    15
     19     4     1
     14     9     4
      6     2    13
     18     1     7
      4    10     9
     19     6     3
     14     2    15
     17     6    14
      9     9    15
     11     3    10
     17     4    10
     17     7     9
     18     2     7
     18     5    14
     13     3     5
      6     5     8
      1     4     8
     19     6     3
      2     1     9
      5     5     3
     10     9     6
     11     8    13
      2     5     4
      9     8    14
     12     1     8
      6     6     5
      6     9     4
     19     8     6
     16     9     5
     11     6     2
     20     8    15
     14     4    14
     12     9    14
     12     6    14
     10     2     4
      9     3    11
     16     5     8
     15    10    11
     18     4     2
      6     5    12
      3     5     2
      1     8     7
     15     7     2
      6     5     1
      9     8     2
      1     5    10
     13     7     6
      6     1     1
     17     5     8
     20     8     4
     13     7     3
      4     9    13
     15    10     2
      5     7     8
     10    10    10
      2     1     1
     17     7    11
      2     7     4
     14     8    14
      1     2     6
     20     4     4
      9     2     8
     15    10     1
     19     3    15
      8     9     2
     10     7     5
      3     8     3
     13     2    11
      7     9    10
     14    10    15
      8     7     6
     18     4     7
      9     3    14
     15     1     3
     15     2    11
     19     7    15
      2     7     4
      4     7    14
     10     9    10
     18     4     8
     19     5     6
     12     8     7
     11     5     7
     13     8     8
     19     3     5
     17     4     4
     20     3     3
     15     3    15
     14     9    12
      8     2     5
     11     3    13
      5     4     5
     10     1     4
     14     9     3
      4     8     9
     11     8    15
      1    10     1
      2     6    12
      5     9    11
     18     3     7
     17     7     2
      8     2     6
      9     2     8
     10     7     3
     10     7     1
      1     7     1
      3    10    11
     19     4     2
      4     5    13
     13     2    13
      6     8     6
      8     9     1
     10     8     9
     12     1     7
     11     9    15
      5     7     1
      1     7    13
     13     1     8
     10    10     6
     19     2     3
      3     6    10
      8     9     5
      8     7     4
      6     2     8
      1     2     9
     16     3     5
      7     7    15
      9     7     6
     17    10     6
     14     5     1
     10     1    11
      7     7     1
     17     5     5
     14     5    13
      6     2    11
      3     7     1
      8     9     4
      8     2    13
     16     3    10
     15     1    10
      4     7     2
     20     2    14
      5     6     5
     15     5    11
     10     2     2
     13     9     5
      6     8    12
      6     6    12
     12     8    12
     13     6     2
     20    10     6
     18     5     6
     17     1    10
      2     5     1
     14     4     4
      6     8    12
     20     6     8
     16     3     1
      8     3     4
     17     6     7
      5     1     8
      7     1    11
     13     1     7
      6     5    12
     13     7     6
     19    10     2
      5     5    15
      7     8     1
      1     1     5
      9     6     4
      5     2    10
     11     7    15
      9     3     9
     12     5     7
     19     8    11
      7     9    10
     13     4    12
      2     2     5
      7     6    15
     10     5     1
      2    10     7
      9     6     2
     19     4    14
      4     1     8
     19     3     2
     18     7    10
      9     9     2
      3     5    13
     14     9     1
     15     5     4
     13     1     9
     15     7    10
     10     6    14
     19     7     3
     17     6     5
     17     5     1
     18     7     1
      7     5    10
     10     7     2
     17     1    12
     11    10     7
      1     2     3
      8     3    15
     11     6     9
     14     8    12
      7     1    10
     18    10     8
      4     8     7
     16     8    11
      2    10    11
      7     9     3
     14     5    15
     13     4     3
     11    10     6
      4     8    12
      4     1     1
      4     8     2
      6     8    13
     11     6    15
     15     6    11
      4     9    13
     16     4    15
      2     6     9
      4     6     6
     20     4     9
      2    10    10
      7     2     5
     15     7     2
      9     4    15
     15     9     3
      5     7     2
      7    10     3
      7     6    12
     14     1    13
      9     2    14
     10     9     9
     14     8     6
     12     4     7
     19     3     8
     19     9     9
      7     1    11
      1     5     3
     16     8     8
     17     1     2
     15     4     9
     14    10    13
      8     2     6
     14     8    13
      9     1     5
     18     4    14
      3     3    14
     10     8     7
     14     3    15
      8     7     3
     18     3     2
     14    10     4
      8     6     4
     14     5    14
     19     5    10
     19     9     3
      2     7    14
     20     5     5
      2     1     5
     18    10    14
     14     8    11
      9     6     7
      9     1    10
     20     7     5
     10    10    13
      7     8    15
     11     3    12
     14     3    12
     17     1     9
     12    10    13
     14     6    10
     12     1    11
      2     7    14
     16     8     6
     13     8    14
      1     2    14
      9     8     4
     12     4    12
     10     8     7
     13     2     8
      6     2    10
     11     9     4
     13     1     7
      4     7     4
     20     1    10
     17    10     3
     16     1    14
      7     9    14
     11     5     8
     18     1     1
     14     2     8
     13     9     2
      6     7     5
     19     1    13
     18     5    11
      7    10     1
      3     3     3
     13     8    10
      4     6     2
      2     1     8
     17     4    12
     18    10     1
     20    10     5
     14     8    14
      7    10     9
     18     8     4
      1     9     4
     14     7     5
      9     9     6
     16     1    12
     12     1    11
      4     8    10
     10     9     2
     19    10     1
      6     8     6
     15     7    10
     14     8    15
     14     1    14
      4     3     3
      5     1     6
     10     7     6
      5     7     5
      6     4     4
     16     9     9
     10     3     3
     16     8    10
      5     8     5
     13     4     6
     20     3     7
     11     7    13
     19    10    12
     10    10     4
     15     2    14
      8     6    10
      8     6    13
     19     1     9
     10     6    13
      4     6     5
      6     4     9
     13     3     6
      3     3     9
      4     7     6
      2     9     4
     10     8     3
      7     5    15
     14     4     9
      2     6    13
     20     7     4
      7     7    15
      4     3    15
      1     7     4
      8     5     8
      3     6     2
     16     2    14
      8     6    15
      9     2     9
     12     1     8
      7     4     6
      4     2    12
     15     8     7
     10     2     3
     20     3     5
     16     6     2
     13    10     8
     11     5     2
      8     8     3
      5     9    15
      7     2    13
     13     7    14
     13     5     7
     20     4     6
     13     3     1
      9     7    11
      6     6     3
      9     5     7
     11     3    15
      1     1    13
      1     4     7
      6     8     3
     19     1     7
     20     1    13
     17     8     1
     11     7     4
     16     8     3
     12     5    10
     14     9     4
     19     2    13
      2    10    14
     12     8     1
     11     2    10
     13     4     4
     17     8     2
      5    10    12
     19     5     5
      6     4     8
      8     1     2
     11     7     5
      2     1    11
     15    10    15
      3     9     1
     20     6     1
     14     2     3
      8    10     3
      8     2     8
     15    10     7
      1     5     8
      7     7     6
      8     3     1
     17     4     1
      6     5     8
     16     6    10
      6     6    13
     17     8     1
     12     4     3
     15     7     9
     17     5     2
     13     3     2
      3     1     1
     13     7     3
      6     6     9
     12     2     2
      5     4     6
      2     2    13
     14     3    11
     20     7     1
     16     2     6
      9     3     5
      5     8     9
     17     6     3
      6    10    13
     17     8     5
      2     8     1
     11     1    15
     16     7     5
      2     1     9
     13     7    11
     13     4     8
     10     6     4
     17     3     9
      2     2     6
     14     9    15
      2     9    13
      5     8     6
     15     6    13
      6     9    14
      1     5     3
     19     9     2
      9     4    10
     17     2    10
      9     4     5
      3     6    11
      6     5     9
      5     7    15
      1     4     2
     15     6     6
      6     3    10
     16     2     5
      8     8    13
     18     2    11
     19     7     6
      1     9    10
     11     2    12
      5    10     6
      6     7     9
      6     7     4
     13     4    13
      8     2     1
     11     3     2
     16    10     8
     15    10     5
     17     4     1
     11     5    12
     15     4     3
     12     5    11
     14     5     8
      1    10     6
     18     8     3
     16     4     3
      5     3    15
      2     9     7
      1     8    11
     16     5    14
      4     8     8
     20     9     9
      9     1     2
      6    10     6
      3     6     5
     19    10    13
     12     4     8
     17     9     1
     16     4     6
     10     4     2
     13     6     8
      7     6     3
     17     3     8
      1     2     2
     16    10    11
     10     1     7
      2     6     9
     13     2     3
      2     3    10
     14     9     2
      3     2     1
      6     3     3
     20     9     5
     12     1     7
      7     2    11
     17     4     5
     17     9     4
      2    10    10
     14     5    10
      7     6     9
      7     6    11
      5     3     4
     16     2     9
      3    10     1
     20     3     4
      2     4     7
     11     9     7
     10     1     1
      5     7    10
      2     1    12
     18     8     2
      8     8    10
     20     5     7
     15     2     6
     18     2     1
      4     4    13
     18     4     1
     18     2    12
      2     5     8
      7     4     1
      1     4     6
     16     8     8
      2     9    11
      3     5    14
     18     3    11
     18     5     2
      7     6     7
      5     7     3
      9     3    14
      9     8     5
     19    10    11
      7     1    13
      8     3    15
     19     7     9
     12     2    11
     16     7    10
      2     9     2
      4     9     4
      5     1     6
      9     8     6
     13     9    13
     11     3     5
     19     4    11
     10     4     6
     11     2     3
      4     6    12
      3     1     2
      7     9    11
      7     9     4
      3     3    12
     16     2     8
     19     7     9
     15     5     2
     20     8     1
     20     1     2
      5     7    10
      8     1     7
     20     6     5
      6     5     8
      7     7    14
     19     8     4
     13     6    15
      9    10     4
      9     2    15
     20     9     5
     18     4    15
      8     4    13
      3     5     7
      9     5     4
      7     1    15
     11     4     3
     16     9     8
     12    10    14
     14     5    10
      8     1     5
     18     8     9
     12     4    13
     16     2     5
      2     1     1
     11     5     1
     13     5     7
      3     5     5
      9     3    11
      4     5    15
     18     3     8
     17     7    12
      6     4    13
     13    10    14
      3     5     7
     20     9    12
      4     4    14
      8     9     1
      3     6     2
      9     6     1
     19     6     3
     20     9    14
      8     3    14
      4     9     3
      8     7    12
     10     9    13
     20     3     5
     18     5     3
     12     3     6
     13     3     7
     17    10     4
     11     9     2
     17     9     1
     15     7    10
      9     4     2
     15     8     9
     11    10    15
     18     5     4
     10     7     7
     13     6    11
     12     4     8
      9    10     2
      4     8    15
      8     2    12
     14     2     6
      5     9     4
      5     2     5
      9     8     4
      8     9     4
      8     6     2
      3     5     8
      9     3    11
     18     3     4
      1     9    13
      6     3     5
      5     2    11
      4     5     4
      7     4     2
     11     8     4
      8    10    14
      3     6    11
      2     7     5
      3     7     4
      9     9    12
      5     1     6
     17     6    14
      7     2    12
      5     7    11
      1    10     1
      1     3    13
     20     9     4
     14     9     3
      1    10     2
      2     4     7
      8     3    13
     16     7     5
      9     3     8
     11     1     8
     17    10    13
     11     9    10
      1     6     2
