50 15 15 2
4 37 2 18 8 49 13 21 10 37 1 9 0 34 6 37 11 47 9 52 12 7 3 46 7 8 14 50 5 52 
8 8 2 30 5 51 0 51 1 50 7 27 14 26 13 44 10 16 6 14 12 23 9 35 11 40 3 50 4 41 
14 22 3 34 5 51 1 42 11 47 9 32 10 8 6 33 0 47 12 39 4 14 2 46 13 48 7 8 8 46 
9 17 1 51 0 19 12 46 13 21 10 47 3 50 11 39 7 45 2 19 8 44 6 26 4 26 5 13 14 12 
12 7 11 46 1 30 4 54 13 40 0 15 14 45 7 53 9 11 8 26 3 26 2 36 6 5 5 29 10 47 
2 54 10 37 5 46 6 46 7 33 4 44 0 13 11 32 8 43 13 9 12 19 14 24 1 13 3 22 9 24 
11 15 3 27 6 51 13 47 14 41 4 22 8 5 10 13 9 53 1 12 5 32 7 45 12 52 2 28 0 17 
2 11 13 7 8 35 10 13 9 18 14 18 5 53 4 10 12 43 11 18 3 46 7 47 6 28 1 26 0 47 
6 30 5 54 13 28 3 33 0 43 7 25 1 31 11 48 4 11 10 36 9 23 14 52 8 30 2 48 12 15 
3 46 13 28 9 25 11 16 1 5 4 53 7 40 12 48 0 28 2 36 10 10 8 51 6 5 5 28 14 42 
0 8 11 6 6 33 7 51 1 46 13 51 5 54 4 5 14 54 2 22 12 48 9 29 3 34 8 15 10 11 
0 45 3 34 8 26 13 37 14 54 11 52 10 21 5 32 2 30 9 33 12 29 4 28 1 38 6 16 7 9 
6 53 3 10 12 30 13 41 1 24 9 49 2 31 7 46 8 46 4 29 11 52 0 27 14 28 10 19 5 26 
12 14 11 16 10 23 1 8 3 37 14 48 7 10 0 49 4 19 13 6 9 8 6 5 5 9 8 30 2 9 
6 9 3 18 5 32 1 17 12 43 9 50 0 37 10 52 8 9 4 26 2 47 13 36 11 17 14 29 7 46 
10 36 14 25 0 9 4 33 8 9 1 49 13 54 5 17 3 8 7 9 12 7 6 6 11 5 2 30 9 31 
5 38 1 28 7 23 2 52 14 6 9 53 12 36 10 20 3 50 8 25 11 25 0 42 13 29 6 29 4 23 
3 21 12 13 6 46 14 28 7 15 9 46 10 5 2 20 5 24 0 25 11 26 8 19 1 54 4 43 13 16 
11 22 5 44 14 41 12 36 8 24 1 16 3 12 2 20 0 21 10 41 6 54 9 10 7 12 4 9 13 43 
14 50 2 27 11 11 10 43 5 18 6 53 7 24 0 14 1 46 4 34 13 54 9 43 3 34 8 6 12 36 
13 46 5 30 7 31 0 23 6 5 9 37 8 16 14 28 2 47 1 21 4 11 12 30 3 47 11 43 10 23 
14 41 11 15 0 49 5 38 12 50 13 43 1 16 10 38 6 46 2 43 3 49 7 17 9 54 8 39 4 7 
0 27 3 20 8 48 11 53 2 28 10 41 7 12 12 5 6 30 9 49 13 42 4 41 14 7 5 17 1 7 
3 13 14 38 8 49 7 26 5 43 4 14 6 40 0 39 13 16 9 27 2 31 12 41 1 32 11 24 10 26 
9 14 7 35 1 32 5 28 2 46 6 15 0 40 13 37 10 28 12 27 3 8 14 13 4 19 11 31 8 34 
0 29 3 18 12 21 13 24 11 49 9 27 5 29 8 40 4 10 6 42 7 43 14 47 2 51 1 7 10 10 
4 40 0 23 1 53 5 37 2 41 6 17 13 37 10 47 14 25 3 38 12 47 9 27 8 8 11 48 7 47 
2 19 1 18 3 19 14 32 0 21 12 16 4 45 11 21 5 50 8 48 9 5 6 18 13 41 10 5 7 52 
11 52 9 25 14 15 1 17 0 52 3 36 6 20 8 39 5 53 10 14 7 32 4 38 12 24 2 53 13 50 
7 12 2 12 4 19 10 23 8 52 11 17 9 23 13 12 14 21 12 33 6 32 3 45 1 44 5 6 0 14 
3 50 13 44 2 16 12 5 5 30 6 46 11 40 0 40 14 20 4 38 10 25 8 14 1 21 9 28 7 35 
1 10 5 52 12 25 13 8 4 26 7 22 0 19 9 34 2 12 3 38 14 35 6 12 11 11 10 52 8 54 
4 15 14 36 13 8 10 29 1 13 9 40 5 14 2 11 12 45 8 25 6 48 7 52 11 10 3 33 0 9 
8 32 7 16 11 31 13 35 0 26 2 5 12 11 3 43 5 45 9 29 14 47 6 10 10 53 1 46 4 14 
8 42 13 50 11 25 1 5 3 50 6 33 12 51 9 48 14 31 7 50 2 22 0 31 10 17 4 23 5 38 
3 6 10 19 4 15 14 53 13 36 0 24 11 19 6 45 1 42 8 40 12 11 2 30 7 22 9 46 5 23 
5 34 3 18 14 39 10 7 12 44 6 51 2 7 0 38 7 19 9 21 8 26 4 22 1 21 13 53 11 19 
0 49 9 16 1 34 5 20 2 9 6 28 3 21 14 26 12 45 4 37 11 12 10 19 7 6 8 13 13 37 
13 51 3 25 0 51 5 27 14 8 9 30 11 37 10 25 2 29 7 45 6 14 4 32 8 32 12 49 1 14 
13 13 11 32 4 42 7 10 10 34 2 13 5 25 1 16 9 49 8 50 6 52 14 15 0 43 3 25 12 5 
5 24 0 11 9 48 12 37 8 25 7 39 11 38 14 8 6 14 4 29 2 12 3 48 1 50 13 48 10 30 
6 45 2 26 11 52 3 52 10 40 4 32 9 12 12 50 5 18 7 5 14 12 1 45 13 22 0 24 8 49 
9 17 14 49 1 32 6 42 4 5 7 7 5 27 3 53 8 27 10 16 13 13 11 45 12 25 0 34 2 17 
2 35 4 49 9 39 11 47 14 13 13 46 1 19 3 17 7 32 10 9 6 33 0 8 5 52 8 42 12 12 
3 15 4 14 0 44 11 47 8 25 7 44 12 53 9 43 1 39 13 38 2 22 5 7 6 22 14 13 10 38 
6 9 9 44 2 37 4 41 10 15 0 23 11 7 1 40 7 6 5 22 14 17 3 53 12 38 13 38 8 34 
6 12 3 50 12 43 1 38 14 26 4 21 9 27 10 6 0 29 7 27 13 53 11 30 8 26 2 53 5 49 
12 16 14 9 10 32 1 43 7 31 2 46 6 35 3 30 13 5 8 36 11 40 9 49 4 24 0 43 5 37 
6 46 0 11 5 21 10 39 1 47 12 7 3 22 11 38 7 42 13 18 4 24 2 22 9 16 14 42 8 50 
10 9 6 38 7 5 11 24 0 27 2 28 4 14 8 51 1 10 9 46 12 8 5 7 14 51 13 33 3 25 
