500
31 3 5
61 5 5
3 4 4
17 3 5
43 3 3
53 4 5
19 2 2
53 1 1
19 1 1
89 1 3
59 2 4
73 3 4
37 3 4
7 2 2
83 2 4
2 5 5
29 1 2
2 4 4
79 4 5
11 4 4
3 3 4
47 4 5
11 4 4
3 3 3
31 4 5
3 3 5
37 4 5
2 2 4
23 3 5
2 2 3
43 2 4
79 3 4
5 3 3
83 2 2
59 2 2
61 3 4
67 4 4
43 2 3
59 3 3
59 3 4
23 3 3
13 3 4
79 4 5
47 2 4
71 3 5
73 2 2
73 3 3
13 4 5
61 1 2
67 4 5
89 1 2
11 3 5
53 1 2
3 1 2
13 1 2
79 1 2
59 3 3
83 1 3
61 3 3
37 1 1
2 2 2
89 2 2
41 3 5
67 3 4
31 2 3
83 5 5
83 2 2
59 2 2
31 4 5
59 2 3
59 3 4
47 1 2
97 4 5
47 1 3
89 3 4
71 2 4
29 1 1
53 4 4
23 3 4
11 4 4
41 5 5
59 1 3
41 1 3
3 2 3
23 1 1
7 2 3
5 1 2
5 4 5
37 4 5
43 4 4
19 1 1
31 1 1
37 1 2
23 3 4
37 2 2
17 1 1
3 4 4
3 4 5
5 2 2
67 2 4
13 2 3
5 2 4
13 3 5
79 2 4
97 2 4
23 2 3
37 3 3
61 5 5
17 4 5
83 1 3
29 3 4
31 3 3
83 1 3
67 2 2
7 1 1
71 3 3
47 3 3
37 4 4
5 1 3
19 5 5
97 2 4
7 3 3
5 2 2
59 5 5
7 1 2
29 5 5
43 3 5
89 3 3
59 1 1
71 1 1
71 4 5
53 1 3
83 5 5
59 5 5
67 4 4
79 1 3
97 1 3
13 1 1
59 4 5
73 1 3
97 3 3
71 1 3
41 2 4
67 1 2
11 4 4
61 2 4
13 2 4
2 2 4
67 1 1
19 4 4
13 4 4
61 1 3
41 1 3
41 2 2
29 1 3
13 2 3
31 5 5
19 5 5
41 3 5
3 4 5
19 1 3
2 3 4
23 4 4
97 4 4
5 2 4
83 3 4
97 4 4
97 4 4
89 1 2
67 1 3
37 1 2
67 1 2
2 2 3
71 2 4
47 3 5
89 2 3
19 1 1
11 4 4
23 1 1
71 1 3
11 4 5
59 3 4
7 4 5
97 3 4
19 3 5
13 5 5
37 4 4
37 1 2
61 5 5
83 2 4
11 5 5
41 4 5
89 1 2
73 4 4
41 2 3
2 4 4
7 2 2
59 3 4
53 5 5
13 3 4
5 5 5
79 2 4
11 2 4
73 3 4
59 3 4
29 1 1
71 4 5
47 4 4
23 4 5
67 2 4
37 2 2
83 4 5
19 1 2
59 1 2
2 1 3
3 3 4
3 2 3
2 5 5
23 2 2
43 2 4
23 1 3
13 3 5
53 4 4
47 5 5
53 4 4
19 1 1
89 3 4
3 4 4
79 2 3
5 2 3
37 3 3
89 3 3
67 2 4
73 3 5
5 1 2
7 4 4
83 3 5
61 3 4
31 3 4
61 3 5
31 3 4
79 4 4
17 4 5
31 3 5
7 4 4
79 4 4
41 4 5
29 3 4
41 4 4
23 3 4
-7 3 5
-67 1 1
-23 1 3
-43 2 4
-41 4 4
-37 5 5
-17 4 5
-71 1 2
-7 1 3
-47 2 4
-37 1 2
-3 2 2
-79 2 4
-67 4 5
-11 4 4
-2 3 4
-3 2 2
-67 1 1
-79 2 3
-97 2 3
-29 2 2
-67 3 4
-11 1 2
-29 4 5
-3 4 4
-43 2 3
-7 4 4
-19 4 4
-41 3 4
-43 2 4
-43 1 1
-97 2 3
-79 2 4
-67 1 1
-41 1 1
-37 2 2
-71 4 5
-29 3 4
-61 3 3
-7 1 3
-83 1 2
-2 1 3
-5 3 5
-19 4 5
-73 3 4
-71 3 3
-17 4 5
-11 5 5
-17 4 4
-11 3 4
-79 4 4
-13 2 4
-89 4 4
-67 4 4
-23 3 5
-43 2 2
-2 3 4
-29 4 5
-17 1 2
-7 5 5
-61 4 4
-13 1 3
-53 3 3
-23 4 5
-41 2 2
-67 2 4
-61 3 5
-83 3 3
-67 3 5
-47 4 5
-7 2 3
-7 4 5
-3 2 4
-97 4 5
-7 1 3
-17 1 1
-53 4 4
-79 5 5
-17 1 1
-5 2 3
-89 1 2
-43 1 2
-43 2 3
-31 1 1
-37 1 1
-13 5 5
-89 3 4
-83 2 4
-37 1 3
-73 2 3
-11 4 4
-43 3 5
-37 2 2
-5 2 2
-17 3 3
-5 3 5
-47 5 5
-37 1 1
-23 2 3
-79 4 4
-23 3 5
-29 1 1
-3 3 3
-19 3 3
-47 3 3
-61 5 5
-17 1 1
-97 3 5
-37 4 4
-89 2 3
-53 4 5
-3 3 3
-71 5 5
-67 4 4
-79 4 4
-53 4 5
-43 1 2
-11 2 2
-37 2 2
-73 2 2
-5 1 2
-83 1 1
-67 1 3
-53 1 2
-71 1 2
-73 3 3
-83 1 3
-7 1 1
-13 3 3
-13 2 4
-7 1 1
-41 1 2
-29 3 4
-5 2 4
-53 1 2
-17 3 3
-31 3 5
-2 2 3
-3 1 1
-47 4 4
-11 5 5
-97 4 5
-23 5 5
-97 5 5
-89 2 2
-89 3 5
-71 3 4
-2 1 1
-19 2 2
-5 4 5
-59 2 3
-2 1 2
-13 4 4
-59 3 4
-47 3 4
-5 3 4
-13 2 2
-2 1 3
-2 3 4
-31 4 5
-11 3 5
-97 4 5
-13 1 2
-13 2 3
-61 4 4
-59 4 4
-17 1 3
-23 4 5
-29 2 4
-7 1 1
-53 5 5
-59 1 1
-43 2 4
-71 4 4
-71 3 5
-43 1 3
-29 1 3
-5 2 2
-31 3 4
-47 2 3
-5 4 5
-13 4 5
-83 5 5
-61 1 3
-31 1 3
-29 3 4
-29 1 1
-5 3 5
-5 1 3
-5 5 5
-79 1 3
-19 2 4
-19 2 2
-59 3 3
-5 2 3
-43 3 3
-47 1 1
-2 3 5
-67 2 3
-67 5 5
-11 4 5
-53 3 5
-71 3 5
-89 3 4
-17 2 3
-97 2 3
-67 1 1
-43 1 3
-31 5 5
-73 1 1
-89 2 2
-17 2 2
-17 3 3
-7 1 3
-17 2 4
-59 5 5
-31 2 4
-73 3 3
-83 4 5
-47 3 5
-11 3 4
-67 4 5
-73 2 3
-13 2 2
-53 1 1
-31 1 3
-53 4 5
-83 3 4
-2 3 5
-2 1 2
-11 2 3
-73 2 2
-47 3 5
-67 2 4
-53 1 1
-43 2 3
-47 1 2
-89 3 3
-97 4 4
-71 4 5
-71 2 2
-59 4 5
-47 1 2
-3 2 3
-23 4 4
-47 3 4
-13 1 1
-37 3 3
-67 1 1
-73 5 5
