100
59 3 5
23 3 4
5 4 4
19 2 2
67 2 2
53 2 3
29 5 5
53 2 3
23 3 5
31 4 5
83 2 2
71 2 2
23 4 4
17 2 2
83 2 4
2 4 4
73 1 3
37 2 3
61 4 4
61 4 4
23 4 5
73 1 2
71 4 4
89 3 4
73 2 3
37 2 3
61 1 2
83 1 1
5 4 4
17 4 4
53 3 5
67 2 4
13 3 4
53 3 3
71 5 5
41 4 4
13 2 3
79 2 2
41 2 2
7 4 4
43 1 3
71 1 3
17 3 4
3 2 4
59 2 3
83 5 5
71 4 4
5 1 2
41 3 5
5 2 4
-41 4 5
-37 4 5
-97 5 5
-97 2 2
-73 1 2
-37 1 3
-79 3 3
-17 2 2
-3 2 4
-43 1 2
-61 1 1
-31 5 5
-47 3 3
-47 1 1
-61 2 3
-31 4 4
-47 1 1
-2 5 5
-97 1 1
-89 2 4
-29 1 2
-97 2 4
-13 4 5
-2 3 4
-41 3 3
-79 2 2
-41 3 5
-43 1 3
-17 4 4
-71 2 3
-59 4 4
-43 2 2
-19 4 5
-47 2 3
-53 2 4
-73 1 1
-83 4 4
-97 1 2
-2 1 1
-31 5 5
-29 1 2
-43 5 5
-17 2 2
-23 2 4
-19 2 2
-11 4 4
-31 2 4
-23 2 4
-19 1 1
-17 2 3
