200
23 3 5
5 1 1
19 3 5
5 1 1
47 2 2
47 5 5
7 3 4
47 5 5
23 1 1
17 3 4
5 5 5
53 5 5
7 1 1
37 2 3
31 1 1
11 2 4
11 2 4
71 2 2
37 3 5
67 1 3
97 5 5
59 2 4
71 2 4
79 1 3
11 1 2
61 1 1
79 3 5
23 3 5
3 3 4
79 3 4
61 2 2
13 3 3
43 1 1
79 2 2
7 5 5
97 2 4
7 3 5
41 2 2
5 1 1
37 3 4
89 1 1
79 2 3
11 4 5
59 1 1
43 1 3
23 4 4
41 3 4
31 1 2
47 3 4
59 3 5
61 1 2
73 3 3
23 3 4
43 1 1
23 3 4
67 1 2
83 1 2
71 1 2
3 5 5
59 4 4
79 1 1
73 5 5
67 4 5
29 5 5
17 2 3
59 1 1
13 4 4
47 3 4
11 5 5
67 2 4
53 2 4
83 4 4
29 5 5
31 3 5
97 3 4
89 1 2
53 1 1
5 2 2
47 3 4
59 2 2
53 1 1
97 4 4
41 1 3
17 2 2
23 1 2
19 2 2
53 2 2
41 2 2
19 3 4
97 1 1
19 2 3
5 2 2
97 1 1
17 1 3
13 1 2
47 4 4
41 2 3
89 1 2
79 4 5
13 1 1
-61 3 4
-29 4 5
-13 4 5
-53 4 4
-5 4 5
-2 1 3
-37 4 5
-73 3 5
-31 1 1
-71 2 2
-79 4 5
-5 2 2
-43 5 5
-53 5 5
-79 4 4
-43 2 4
-53 2 2
-13 2 3
-7 1 3
-61 3 5
-89 1 2
-29 1 2
-13 1 1
-59 4 4
-61 3 5
-59 1 1
-7 1 2
-19 1 1
-3 4 4
-47 4 5
-23 1 2
-43 2 3
-41 4 5
-67 1 2
-2 3 3
-59 1 3
-59 1 2
-97 1 1
-89 4 5
-37 5 5
-47 2 3
-31 2 3
-37 3 5
-97 3 4
-79 2 3
-83 5 5
-67 4 4
-17 1 3
-97 5 5
-29 3 3
-29 4 5
-3 3 3
-47 1 3
-5 3 3
-73 4 4
-41 1 3
-79 5 5
-37 1 2
-11 4 5
-2 1 3
-13 3 4
-79 2 4
-89 3 4
-37 4 5
-7 4 5
-71 2 2
-2 2 4
-53 1 3
-41 3 5
-11 2 2
-17 4 5
-5 5 5
-59 2 3
-53 3 5
-83 4 4
-37 2 3
-23 1 3
-97 3 4
-43 2 2
-11 4 4
-59 3 5
-61 2 2
-17 4 5
-31 3 3
-97 4 4
-71 1 1
-41 5 5
-37 2 3
-37 1 2
-53 1 3
-89 5 5
-2 1 2
-67 3 4
-23 1 3
-37 5 5
-79 1 1
-41 2 4
-23 2 4
-89 3 4
-37 3 3
