 10 10 10
 0 0 29 
 0 1 78 
 0 2  9 
 0 3 36 
 0 4 49 
 0 5 11 
 0 6 62 
 0 7 56 
 0 8 44 
 0 9 21
 1 0 43 
 1 2 90 
 1 4 75 
 1 9 11  
 1 3 69  
 1 1 28  
 1 6 46  
 1 5 46  
 1 7 72  
 1 8 30
 2 1 91 
 2 0 85 
 2 3 39 
 2 2 74 
 2 8 90 
 2 5 10 
 2 7 12 
 2 6 89 
 2 9 45 
 2 4 33
 3 1 81 
 3 2 95 
 3 0 71 
 3 4 99 
 3 6  9 
 3 8 52 
 3 7 85 
 3 3 98 
 3 9 22 
 3 5 43
 4 2 14 
 4 0  6 
 4 1 22 
 4 5 61 
 4 3 26 
 4 4 69 
 4 8 21 
 4 7 49 
 4 9 72 
 4 6 53
 5 2 84 
 5 1  2 
 5 5 52 
 5 3 95 
 5 8 48 
 5 9 72 
 5 0 47 
 5 6 65 
 5 4  6 
 5 7 25
 6 1 46 
 6 0 37 
 6 3 61 
 6 2 13 
 6 6 32 
 6 5 21 
 6 9 32 
 6 8 89 
 6 7 30 
 6 4 55
 7 2 31 
 7 0 86 
 7 1 46 
 7 5 74 
 7 4 32 
 7 6 88 
 7 8 19 
 7 9 48 
 7 7 36 
 7 3 79
 8 0 76 
 8 1 69 
 8 3 76 
 8 5 51 
 8 2 85 
 8 9 11 
 8 6 40 
 8 7 89 
 8 4 26 
 8 8 74
 9 1 85 
 9 0 13 
 9 2 61 
 9 6  7 
 9 8 64 
 9 9 76 
 9 5 47 
 9 3 52 
 9 4 90 
 9 7 45