15 81
11 54 43 36 30 28 25 23 22 22 21 11
15 68 55 49 44 41 40 38 37 36 36 30 27 27 24 15
17 62 52 48 48 45 45 42 36 35 35 33 32 32 27 19 18 12
15 51 49 34 34 33 33 31 30 28 18 14 13 13 11 10
17 58 57 48 46 45 45 38 38 32 27 27 25 24 22 22 22 18
15 56 46 44 39 38 37 37 35 32 29 25 24 22 21 20
14 60 35 32 29 29 28 27 26 23 22 22 21 16 10
15 49 37 37 37 33 33 32 31 29 28 21 13 13 13 11
12 58 46 41 39 39 33 33 30 25 21 20 13
11 49 48 48 36 34 33 32 22 21 20 20
13 59 53 44 35 32 31 28 26 26 25 15 12 11
13 63 59 47 40 40 40 37 30 27 25 21 20 13
16 55 47 47 44 40 37 31 31 27 27 26 25 24 17 11 10
13 51 45 44 41 36 36 34 31 29 29 27 20 14
12 66 52 44 37 30 27 26 20 19 12 12 10
