20 118
16 53 43 42 38 38 37 37 34 30 29 28 24 21 19 18 12
13 49 48 47 43 37 36 31 31 28 28 24 22 10
15 67 49 48 47 38 38 34 34 32 31 25 24 24 23 16
16 48 48 48 45 37 35 29 28 28 28 23 22 21 21 20 16
15 56 56 54 50 49 39 38 36 35 32 31 29 25 23 20
18 59 59 58 52 48 48 40 40 38 37 32 30 30 29 28 26 25 12
17 54 49 44 43 35 29 28 27 26 26 25 24 23 23 22 21 21
18 56 46 45 45 45 40 39 38 35 31 30 25 22 21 18 15 15 11
17 48 48 47 46 44 39 39 38 36 33 33 30 27 26 23 17 17
15 57 54 50 47 41 39 39 28 23 22 22 20 12 11 10
16 59 49 48 45 32 29 28 27 26 25 21 20 16 15 13 12
11 60 53 38 38 35 33 32 25 25 20 17
17 59 57 56 44 43 39 38 33 30 24 23 22 22 20 19 14 13
12 59 52 38 32 31 28 25 22 20 20 17 16
14 42 42 42 39 38 38 34 34 30 27 19 14 13 11
12 52 40 39 35 34 34 31 30 27 22 16 16
11 59 48 42 41 39 38 37 31 30 13 13
17 58 45 42 37 35 34 33 33 32 31 29 28 26 25 25 24 11
13 57 48 47 36 36 36 32 30 25 24 23 19 17
14 56 50 49 48 39 35 35 33 32 27 21 16 16 12
