     50
     11    10     5
      6     3    13
      3     9     7
      6     6     4
     14    10     1
      6     6    15
      4     3     2
     19     6    13
     20     7    10
     11     4    14
      3     6    12
     14     3     4
      6     7     4
     16     4    10
      3     2    13
      5     4     9
     16     4     5
      8     1     7
     15     5     7
      1     8    14
      6     7    12
     17     5    11
     19     8     9
     10     4     7
      9     3     9
     10     1     6
     16     9    10
      4     9     8
      4     2    12
     19     5    12
     14     4    13
      3     5    11
     20     7     9
     12     1     4
     17     5     2
      5     3     7
     19     6     3
     14     1    11
     18     4    14
     18     1    12
     20     7     9
     17     3    10
      4     6     5
      1     6     9
      8     6     6
      8     2    10
     18    10     8
     20     2     7
      6     8     9
      6     8     2
