     50
     15     7    13
     14     9     6
     14     3     9
      9    10     3
     10     3     3
     18     6     6
     17     1    14
     17     3     3
     11     5     8
     16     7    11
     11     6     7
      1     2    10
     14     2    14
     20     8     2
     10     2    14
     13     5     5
      9     3     6
     20     4    11
     16     7     9
     12     8    13
     15     7    13
     12     4     7
     20     3     1
     14     2     3
     13     5    14
     16     2     5
     12     6    12
     12     2    14
     15     1     8
     14     3     1
      8     7    11
      5     8    11
      4    10    12
     13     8    14
      7     6    15
     14     1     9
     14     6     5
     14     8    13
     15    10     2
     16     3    10
      8     3    12
     15     7     2
     14     7    10
     17    10     7
     16     9    12
     14     3     1
     15     7     2
      3    10     7
      5    10    14
     11     4    10
