     50
      9     6    10
      2     2     9
      7     2     7
      6     4     1
     11     6    11
     19     9    14
      3     7     1
      9     2     2
     12     1    14
      9     2    11
     16     2    12
      9     7     9
      7     6    11
     16     5     7
     15     2    12
     18     9    12
     16     1    14
     10     9    13
      8     2    13
     10     3     5
     16     1    15
     13     8     8
     14     9    13
      7     5    14
     12     6     2
     12     5    14
     19     8     3
     11     2     9
      7     1    15
      6     8    11
     17     2    12
      4     2     7
     20     6     5
     10     4    14
      8    10     2
     16    10     4
     12    10     5
     14     9     2
     10     2     3
      8     1    12
      1     2    10
     12     5     5
     15    10     5
     12     8    12
      3     4    14
     19     5    11
     10     6     9
     17     6    15
     11     4     3
      5     7     1
