     50
     17     1     8
     19    10    10
     11     9     9
      9     2     6
     13     6     8
      5     3     8
     17     7    14
      7     7    14
     19     1     3
     17     9    13
     18     1     7
      7     7     5
     13     4     8
     19     7     5
     18     2     1
     20    10     2
      9     7    11
     18     5     5
      4    10     3
      3     2     8
      4     3    10
     16     1    10
      5     2    12
     16     1    10
      9     2     5
     14     8    12
     10     7     4
      5    10    13
     11     2     5
      7    10     2
      5     9    13
      3     1    15
      4    10     1
     15     5     3
     15     1    15
      3     4    11
      1     2     3
     14    10     7
      4     2    12
      6     3     9
      7     7    12
     19     5     7
      3     3    10
      6     8     4
      1    10     4
      3     9    15
      4     1     1
      6     6    13
     20     4     6
     13     4    12
