     50
      3     5     7
      9     6    12
     20     2     4
      2     8    14
     11    10     5
     20     2     7
     10     3     4
      1     1     1
     13     7     6
      3     7    11
     20     8     2
     16     3     8
      1     9     7
     13     1    13
     19     2    10
      2     3     4
      3     8     8
     19     4    14
     19     8     2
      9     9    11
     18     5     2
     13     3     8
      8     6    10
      1     8    10
     12     7     6
      8     7     7
      5    10     9
     10     1     4
     20     1     7
     18     2     6
      7     7    12
      4     6     2
     17     3    13
      7    10    15
     10     4     5
     17     9    14
      9     4     4
     14     9     6
      5     4     5
     19     9    15
     14     1     7
     10     3     8
     17     2    15
      7     6     1
     11     9    15
      3     8     6
      5     5     2
     11     2     9
     17     8     6
     18     1     6
