     50
      1     8     2
      7     5     3
      1     3    12
     12     7     5
     10     9    10
     17     4    14
     10     5    11
      6     4     3
      9     9     1
      2     1    10
      7    10     2
     14     6    11
      1     9     3
      3     2    11
      5     2     2
      9    10    13
      2     6    12
     10     8    10
      5     1     5
     14     2     7
     13     2    11
     11     9     6
      6     6     4
     20     9     7
     13     4    10
     19     9    11
      6     4     5
     13     3     4
      2     1     1
      1     9     6
     18     1    11
      5     5    15
      7     3     4
     17     2    13
      5     2    12
     12     3    13
     16     1     5
     14     8     8
      1     7    15
      4     4     7
     14     4    15
     17     9    13
     12     4    15
      2     3     3
      8     3    11
      9    10     6
      1     8    10
      9     4    13
     19     6    11
     18     1     5
