     50
     10     3    15
      4     3     3
      5    10    14
     16     5    10
     12     8     6
      2     8     7
      3     5     9
      4     9    15
     16     9     5
     10     8    12
      9     9    12
     12     5     7
      7     7    15
      6     4     9
      9     2     5
     11     1     3
     16     2     9
     19     5     2
      1     9    10
      6    10    10
      1     4     6
     15     2     9
     16     9     4
      9     5     3
     10    10    13
      1     3    10
     17     3     6
      7     1     8
      6     1     6
      2     1    12
      6     8    13
      4     3     9
     10     7    15
      1     3     1
     12     3    10
     20     6     5
      5     3     4
     14    10    14
     14     8     8
      3     6     5
     20     9     2
      4     9    15
     20     8     5
     16     2    10
      6    10     2
     13     4    10
     14     3     1
     19     4    11
      9     6    13
      6     8     1
