     50
     16     4     3
     16     9    15
     12     1     2
     19     1    12
     12     4    13
      1     5    14
     17     9     7
     12    10     1
     15     3    13
     16     3    12
      5     3     7
      4     9     7
     14     3     4
      9     8     3
      4     2     8
      7     7    11
      9     5     1
      9     9     1
     10     3     6
      7     5     3
     19    10     4
     14     7     9
      2     2     7
     15     2     7
     11     8     9
      5    10     1
     11     2    15
      9     1    14
     13     1    14
     10     7     2
     16     3    12
      4    10    13
     14    10     7
      4     6     1
     11     8     7
     19     8    10
      7     9     4
     14     9    10
     20     6     7
     11     8     2
      7    10     5
      7     1    12
     18     5    10
      1     4     6
     18     5     1
      8     1    15
     20     4     9
      5     8     3
      3     2    10
     12     4    11
