     50
      8     9     5
     19     2    15
      9     4    14
     16     3     7
      9     5     1
     16     1     6
      3     9     9
     14     5     4
      8     3     9
      9     6    10
      2     5    12
      6    10    11
      8     5     6
      6     5     6
     20     3     4
      5     6     6
     16     9     4
      1     3     8
     14     6     1
     15     6    15
     12     8     9
     10     5     6
     12    10     8
      6     6    10
     14     3     7
      3     7     3
     20     2    14
     14     3     9
      9     1     9
      9     4    11
      9     6    11
      5     1     4
     10     6    11
     20     5    12
      4     8     9
     11     4     3
     18     7     6
     14     8     4
      6     5    13
     13     6     5
      1     4     2
     20     1    10
     11     2     5
      7     5    13
      1     8    10
      4     7    11
      6    10     2
     15     8     4
     13     2     7
      4     7    15
