1 7 6 3 4 9 8 2 10 5 3109740 3943170 
1 7 6 3 4 10 8 2 9 5 3402756 3220954 
1 7 6 3 4 10 8 9 2 5 3843816 3207366 
1 7 6 3 8 4 9 2 10 5 3266428 3534550 
1 7 6 3 8 9 4 2 10 5 3149268 3567154 
1 7 6 3 9 8 10 2 4 5 3293530 3231608 
1 7 6 3 9 10 8 2 4 5 3407714 3215066 
3 7 4 9 2 10 8 5 6 1 6598854 2417386 
3 7 5 1 4 10 8 2 9 6 4507746 2496996 
3 7 5 1 9 8 10 2 4 6 4398266 2507500 
3 7 5 1 9 10 8 2 4 6 4512450 2491132 
3 7 6 1 8 9 4 2 10 5 3956508 2926878 
3 7 9 1 4 8 10 2 6 5 4051608 2574304 
3 7 9 1 4 10 8 2 6 5 4146592 2557762 
7 3 2 5 4 8 10 9 6 1 5387394 2440766 
7 3 2 5 4 10 8 9 6 1 5477662 2421724 
7 3 4 9 2 10 8 5 6 1 6949694 2411920 
7 3 5 1 2 10 8 4 6 9 4641292 2478828 
7 3 5 1 2 10 8 9 6 4 5333146 2472814 
7 3 5 1 4 10 8 2 6 9 5271006 2475908 
7 3 9 4 2 10 8 5 6 1 8882256 2410430 
7 3 9 4 5 10 8 1 6 2 10923682 2410292 
8 3 1 7 2 5 9 4 6 10 2482346 15789686 
8 3 1 7 9 5 2 4 6 10 2571668 14970754 
8 7 1 3 2 5 9 4 6 10 2521342 15358350 
8 7 1 3 9 5 2 4 6 10 2613712 14539322 
9 1 3 7 2 5 4 10 6 8 2930040 9610948 
9 1 3 7 2 5 6 8 10 4 2997880 9031936 
9 1 3 7 2 5 6 10 4 8 2931800 9033356 
9 1 3 7 6 5 2 8 10 4 3094848 8023446 
9 1 3 7 6 5 2 10 4 8 3029654 8025666 
9 1 7 3 2 5 6 10 4 8 3004136 9030198 
9 1 7 3 6 5 2 10 4 8 3101228 8022508 
9 3 1 7 2 5 4 10 6 8 2669980 12094682 
9 3 1 7 2 5 6 10 4 8 2671740 11517034 
9 3 1 7 6 5 2 10 4 8 2769594 10509192 
9 7 1 3 2 5 4 10 6 8 2708848 11374202 
9 7 1 3 2 5 6 10 4 8 2710608 10796588 
9 7 1 3 4 5 2 10 6 8 2893498 9769524 
9 7 1 3 6 5 2 8 10 4 2872928 9786840 
9 7 1 3 6 5 2 10 4 8 2807700 9788770 
10 3 1 7 2 5 4 9 6 8 2328942 18642252 
10 3 1 7 2 5 6 9 4 8 2330402 18094754 
10 3 1 7 2 5 9 4 6 8 2359984 17839446 
10 3 1 7 6 5 2 9 4 8 2428796 17027890 
10 3 1 7 9 5 2 4 6 8 2449122 17012570 
10 7 1 3 2 5 6 9 4 8 2369348 17808138 
10 7 1 3 2 5 9 4 6 8 2398982 17552796 
10 7 1 3 6 5 2 9 4 8 2466980 16741298 
