1 3 8 2 7 4 5 9 6 10 216282 241874 
1 3 8 10 7 4 5 9 6 2 220738 237008 
1 5 9 4 7 2 10 6 8 3 228160 228566 
1 6 4 2 7 8 3 5 9 10 249838 205424 
1 6 4 2 7 8 10 5 9 3 257512 199630 
1 6 4 9 10 8 3 5 2 7 262570 194924 
1 10 6 8 4 3 5 9 7 2 201446 263994 
1 10 8 2 7 4 5 9 6 3 212116 248398 
2 3 1 8 4 6 5 9 7 10 206842 256338 
2 3 1 8 7 9 4 6 5 10 200448 267222 
2 3 1 8 9 6 5 7 4 10 201574 263732 
2 3 6 8 4 1 5 9 7 10 212238 248006 
2 3 8 1 4 5 6 9 7 10 216578 241562 
2 9 5 6 3 8 10 4 1 7 254068 202840 
2 9 10 8 4 6 5 7 1 3 207276 254754 
2 10 1 8 4 6 5 7 9 3 201066 266338 
2 10 1 8 4 6 5 9 7 3 201686 263010 
2 10 1 8 4 9 5 6 7 3 200522 267142 
2 10 1 8 4 9 7 6 5 3 204196 259658 
2 10 1 8 7 4 5 9 6 3 201320 265690 
2 10 1 8 7 6 5 9 4 3 198774 268520 
2 10 1 8 7 9 4 6 5 3 195648 272444 
2 10 1 8 9 6 5 7 4 3 196836 270330 
2 10 4 8 1 6 5 7 9 3 200226 267400 
2 10 4 8 1 6 5 9 7 3 202826 260772 
2 10 5 4 8 9 6 1 7 3 223582 233742 
2 10 5 4 8 9 7 1 6 3 225548 231346 
2 10 6 8 1 4 5 9 7 3 204868 257528 
2 10 8 1 4 5 6 9 7 3 215902 243740 
2 10 8 1 9 5 6 4 7 3 209412 253482 
2 10 9 4 1 5 6 8 7 3 229746 226230 
2 10 9 8 1 6 5 7 4 3 202528 262676 
3 6 4 5 8 1 10 7 2 9 236464 220010 
3 6 4 5 8 1 10 9 2 7 241106 214264 
3 6 9 4 8 1 10 7 2 5 235696 220674 
3 7 4 5 8 1 10 9 2 6 240972 215582 
3 9 2 8 4 6 5 7 1 10 208094 253606 
3 9 6 8 4 2 1 7 5 10 211160 248788 
3 9 6 8 4 10 1 7 5 2 210608 248988 
3 9 7 8 4 10 1 6 5 2 209714 250508 
3 10 2 4 8 6 5 1 7 9 238820 217136 
3 10 2 4 8 7 5 1 6 9 243676 211910 
3 10 4 5 8 7 6 2 9 1 255162 202286 
3 10 4 5 8 7 9 2 6 1 254894 202372 
3 10 6 5 8 4 9 1 7 2 247556 208884 
3 10 6 8 9 4 5 1 7 2 223768 233500 
3 10 6 9 8 4 5 1 7 2 242702 212626 
3 10 7 6 2 4 5 8 1 9 257192 199806 
3 10 7 9 8 4 5 1 6 2 244626 209590 
4 1 6 10 9 8 2 5 3 7 288074 181254 
4 1 7 3 9 8 2 5 10 6 291658 177448 
4 3 8 2 7 1 5 9 6 10 230776 225706 
4 6 1 2 7 8 3 5 9 10 258396 197742 
4 6 1 2 7 8 10 5 9 3 260870 196836 
4 6 1 2 9 8 10 5 3 7 274264 186130 
4 6 1 10 5 8 2 7 3 9 265940 192660 
4 6 1 10 7 8 2 5 3 9 267804 190408 
4 6 1 10 9 8 2 5 3 7 277322 182262 
4 6 8 10 5 1 2 7 3 9 260530 197448 
4 7 1 10 9 8 2 5 3 6 278326 182186 
5 9 8 2 6 1 10 4 7 3 261518 196774 
5 9 8 3 6 1 2 4 10 7 267766 190996 
5 9 8 3 7 1 2 4 10 6 263148 194790 
5 9 8 6 3 1 10 4 2 7 239254 216034 
5 9 8 6 4 1 10 3 2 7 231362 223614 
5 9 8 7 3 1 10 4 2 6 233700 221888 
5 9 8 7 4 1 10 3 2 6 225976 229540 
5 9 8 10 6 1 2 4 3 7 275024 184598 
5 9 8 10 7 1 2 4 3 6 269182 188932 
5 10 8 3 6 4 9 1 7 2 252900 203026 
6 3 4 2 7 8 10 5 1 9 263950 194370 
6 3 4 5 8 1 10 9 2 7 242418 212924 
6 4 1 10 9 8 2 5 3 7 282902 181888 
6 4 3 2 9 8 1 5 10 7 290038 180748 
6 5 3 7 1 10 2 4 8 9 209538 252872 
6 5 3 7 4 10 2 1 8 9 202754 261974 
6 5 8 7 1 4 2 3 10 9 213232 247104 
6 9 4 2 5 8 10 7 1 3 255798 201790 
6 9 4 5 8 1 10 3 2 7 225716 230644 
6 9 4 5 8 1 10 7 2 3 236238 220532 
6 9 4 7 8 1 10 3 2 5 214578 243784 
6 9 8 7 4 1 10 3 2 5 213486 246290 
7 3 4 2 9 8 10 5 1 6 267498 192630 
7 3 4 5 8 1 10 9 2 6 238748 217194 
7 5 1 2 6 8 3 4 9 10 255886 201418 
7 5 9 4 6 2 10 1 8 3 223266 234534 
7 9 4 2 6 8 10 5 1 3 255430 202276 
7 9 4 5 8 1 10 3 2 6 221110 236156 
7 9 4 6 8 1 10 3 2 5 214378 246030 
7 9 8 6 4 1 10 3 2 5 217976 239856 
7 10 3 9 8 4 5 1 6 2 252076 204566 
7 10 8 3 9 4 5 1 6 2 252008 205316 
8 2 4 9 1 7 6 10 5 3 247530 209380 
8 3 1 10 7 4 5 9 6 2 219958 238702 
8 3 4 2 6 1 5 9 7 10 220514 237046 
8 3 4 2 7 1 5 9 6 10 221686 235236 
8 3 4 2 9 1 5 7 6 10 223122 235190 
8 5 9 6 3 1 10 4 2 7 240694 215772 
8 5 9 7 3 1 10 4 2 6 236900 218874 
9 2 8 4 1 5 6 10 7 3 223132 234628 
9 3 1 10 7 4 5 8 6 2 236742 219982 
9 5 1 2 7 8 10 4 6 3 261582 196048 
9 5 1 6 3 8 10 4 2 7 239170 216348 
9 5 1 7 3 8 10 4 2 6 233040 221938 
9 5 1 7 4 8 10 3 2 6 221558 235712 
9 5 1 10 6 8 2 4 3 7 275210 184008 
9 5 1 10 7 8 2 4 3 6 270560 186534 
9 5 1 10 7 8 3 4 2 6 259298 197656 
9 5 6 4 7 2 10 1 8 3 215982 242134 
9 5 7 4 6 2 10 1 8 3 217230 240562 
9 5 8 3 4 1 10 6 2 7 248522 208348 
9 5 8 3 7 1 10 4 2 6 249460 206614 
9 5 8 6 3 1 10 4 2 7 237128 217922 
9 5 8 6 4 1 10 3 2 7 229294 226430 
9 5 8 7 3 1 10 4 2 6 231478 223392 
9 5 8 7 4 1 10 3 2 6 223812 231972 
9 5 8 10 7 1 2 4 3 6 264224 193118 
9 6 4 7 8 1 10 3 2 5 214352 246120 
9 10 2 4 8 5 6 1 7 3 220110 238142 
9 10 2 8 4 7 6 1 5 3 235224 220800 
9 10 8 2 7 4 5 1 6 3 228584 228564 
10 2 1 8 4 6 5 7 9 3 199760 268230 
10 2 7 9 8 4 5 1 6 3 240970 215596 
10 3 4 9 1 7 6 8 5 2 255878 201750 
10 3 6 7 2 4 5 8 1 9 248780 207046 
10 3 6 8 1 4 5 9 7 2 213038 247990 
10 3 7 6 2 1 5 8 4 9 260524 197462 
10 3 7 6 2 4 5 8 1 9 255934 200030 
10 5 7 9 1 8 3 4 2 6 257882 198682 
10 9 2 8 4 6 5 7 1 3 205460 256622 
