1 2 6 10 7 4 5 8 9 3 2960312 2957294 
1 2 10 4 5 3 8 9 6 7 1912342 4965330 
1 2 10 6 7 4 5 8 9 3 3079520 2872532 
1 4 2 9 10 7 5 8 6 3 2347974 3488402 
1 4 9 2 10 7 5 8 6 3 2362542 3345178 
1 5 6 10 7 4 2 8 9 3 3024406 2915598 
1 6 4 10 9 7 5 8 2 3 2640708 3183608 
1 9 4 10 6 7 2 8 5 3 3018452 2938190 
1 10 9 2 4 7 5 8 6 3 2459958 3300406 
3 2 9 5 4 7 6 8 10 1 2905616 3026346 
3 4 2 5 9 7 10 8 6 1 3188326 2767330 
3 4 9 2 10 7 5 8 6 1 2405640 3313804 
3 4 9 7 2 1 6 10 5 8 2224832 4036688 
3 4 9 7 5 1 6 10 2 8 2141324 4137342 
3 5 2 9 4 7 6 8 10 1 2694504 3175232 
3 5 9 2 4 7 6 8 10 1 2700618 3077120 
3 6 7 9 2 1 4 10 5 8 2322304 3790678 
3 6 7 9 5 1 4 10 2 8 2228838 3895882 
3 6 9 7 2 1 4 10 5 8 2050904 4419672 
3 6 9 7 2 1 8 10 5 4 1935968 4847916 
3 6 9 7 5 1 4 10 2 8 1976046 4533340 
3 6 9 7 5 1 8 10 2 4 1861090 4987620 
3 7 4 10 9 1 5 6 2 8 2618988 3264690 
3 9 2 5 4 7 6 8 10 1 2799480 3048276 
3 10 7 9 5 1 4 6 2 8 2333598 3688222 
3 10 9 2 4 7 5 8 6 1 2502954 3269422 
3 10 9 7 5 1 4 6 2 8 2080766 4333574 
3 10 9 7 5 1 6 4 2 8 2193494 4125534 
4 2 1 8 7 3 5 6 9 10 3724928 2286944 
4 5 7 8 1 3 2 6 9 10 5257502 2095212 
4 7 1 8 2 3 9 6 5 10 3395488 2471486 
4 7 1 8 5 3 9 6 2 10 3531472 2358148 
4 7 1 8 9 3 2 6 5 10 3526598 2386348 
4 7 1 8 9 3 5 6 2 10 3430910 2411174 
4 9 1 8 7 3 5 6 2 10 3734182 2245668 
4 9 7 8 1 3 2 6 5 10 5267876 2061436 
4 9 7 8 1 3 5 6 2 10 5265382 2081946 
7 4 3 5 8 1 10 2 6 9 4766708 2212576 
7 5 3 8 4 1 6 2 10 9 3110508 2767638 
7 5 3 8 10 1 6 2 4 9 3110142 2844300 
7 6 3 5 8 1 10 2 4 9 4828998 2194122 
9 4 1 5 8 3 10 2 6 7 4817046 2199526 
9 4 3 5 1 8 10 2 6 7 6578114 2027476 
9 4 3 5 8 1 10 2 6 7 4855160 2143022 
9 5 1 8 4 3 6 2 10 7 3387908 2697270 
9 5 3 8 4 1 6 2 10 7 3196556 2697522 
9 6 3 5 1 8 10 2 4 7 6651336 2008658 
9 6 3 5 8 1 10 2 4 7 4917628 2124232 
10 7 1 8 2 3 9 6 5 4 3426534 2449164 
10 7 1 8 5 3 9 6 2 4 3562518 2335826 
10 7 1 8 9 3 5 6 2 4 3456724 2388660 
10 9 1 8 7 3 2 6 5 4 3894492 2216840 
10 9 1 8 7 3 5 6 2 4 3759996 2223154 
10 9 7 8 1 3 2 6 5 4 5293688 2038948 
10 9 7 8 1 3 5 6 2 4 5291194 2059458 
