1 3 4 2 8 6 9 10 7 5 3148768 3322918 
1 3 6 2 8 4 9 10 7 5 3253700 3121222 
1 3 7 2 8 5 9 10 6 4 5125520 2399260 
1 3 7 2 10 5 9 8 6 4 5634982 2342680 
1 4 6 2 10 5 9 8 7 3 5434522 2383876 
1 4 7 2 10 5 9 8 6 3 5925064 2282788 
1 10 4 2 9 6 3 8 7 5 3111126 3451522 
2 3 4 1 8 6 9 10 7 5 3122502 3364968 
2 3 6 1 8 4 9 10 7 5 3228518 3166346 
2 3 7 1 10 5 9 8 6 4 5611252 2376806 
2 4 7 1 10 5 9 8 6 3 5900254 2320190 
2 6 4 1 7 3 9 10 8 5 2390824 4181772 
4 1 6 5 2 7 3 8 9 10 1851614 5593954 
4 1 6 5 2 7 3 9 8 10 1746720 5673390 
4 1 6 7 2 3 9 10 8 5 2071430 4375004 
4 1 6 10 2 7 3 8 9 5 2191698 4265296 
4 1 7 10 2 6 3 8 9 5 2399274 4058426 
4 1 7 10 2 6 3 9 8 5 2295602 4204590 
4 1 8 10 2 3 6 7 9 5 2977726 3534946 
4 2 6 5 1 7 3 8 9 10 1843432 5629660 
4 2 6 5 1 7 3 9 8 10 1738338 5705362 
4 2 6 7 1 3 9 10 8 5 2063048 4406976 
4 2 6 10 1 7 3 8 9 5 2183516 4301002 
4 2 7 10 1 6 3 8 9 5 2391980 4087524 
4 2 7 10 1 6 3 9 8 5 2288108 4229954 
4 2 8 10 1 3 6 7 9 5 2965758 3549496 
6 1 4 3 2 7 8 10 9 5 2008988 4593588 
6 1 4 5 2 7 3 9 8 10 1666856 5848128 
6 1 4 7 2 3 9 10 8 5 2014886 4478284 
6 1 4 7 2 10 3 8 9 5 2274450 4254938 
6 1 7 4 2 3 9 10 8 5 1874454 4641012 
6 2 4 3 1 7 8 10 9 5 2007808 4640018 
6 2 4 5 1 7 3 9 8 10 1665490 5884156 
6 2 4 7 1 3 9 10 8 5 2013520 4514312 
6 2 7 4 1 3 9 10 8 5 1869616 4670952 
7 1 4 10 2 6 3 8 9 5 2350502 4190934 
8 1 4 10 2 6 3 9 7 5 2471790 4008888 
8 4 10 9 6 7 1 2 3 5 3853632 2803788 
8 4 10 9 6 7 2 1 3 5 3855644 2793660 
9 1 4 10 2 6 3 8 7 5 2500050 3830416 
9 1 6 10 2 4 3 8 7 5 2587326 3791090 
9 4 10 8 6 7 1 2 3 5 3875598 2780242 
9 4 10 8 6 7 2 1 3 5 3876464 2770116 
10 1 3 9 2 4 6 7 8 5 3654466 2825750 
10 1 3 9 2 7 6 4 8 5 3489050 2991410 
10 1 4 9 2 6 3 8 7 5 2638066 3668026 
10 1 4 9 2 6 7 3 8 5 2979534 3516426 
10 1 6 9 2 4 3 8 7 5 2713418 3594886 
10 1 6 9 2 4 7 3 8 5 3001846 3483476 
10 1 7 9 2 4 6 3 8 5 3222934 3314430 
10 1 8 9 2 4 6 7 3 5 3484066 3026876 
10 2 3 9 1 7 6 4 8 5 3489014 3003094 
10 4 3 9 6 7 2 1 8 5 4254472 2494600 
10 4 8 9 6 7 1 2 3 5 3914472 2643796 
10 4 8 9 6 7 2 1 3 5 3915342 2633674 
10 7 3 9 6 4 2 1 8 5 4308066 2412590 
10 7 8 9 6 4 1 2 3 5 4013702 2580854 
10 7 8 9 6 4 2 1 3 5 4015088 2572208 
