3 2 7 1 6 8 4 9 10 5 2612988 1807272 
3 2 8 1 6 4 9 7 10 5 2290372 1903536 
3 5 8 1 6 4 9 2 10 7 1676494 2170598 
3 5 8 1 6 4 9 7 10 2 2302386 1897212 
3 5 8 6 1 4 9 2 10 7 1360770 2529958 
3 5 8 10 6 4 9 2 1 7 1694908 2169972 
3 5 9 1 6 4 8 7 10 2 2722318 1746396 
3 5 9 1 6 8 4 7 10 2 2755568 1678694 
3 5 9 10 6 4 8 7 1 2 2741800 1745814 
3 5 9 10 6 8 4 7 1 2 2775078 1677656 
3 7 5 1 6 4 9 8 10 2 1659690 2198968 
3 7 5 1 6 9 4 8 10 2 1574684 2342416 
3 7 5 6 1 4 9 8 10 2 1345974 2558124 
3 7 5 6 1 9 4 8 10 2 1249698 2685612 
4 7 3 10 6 2 9 5 1 8 2055214 2107578 
4 8 2 1 6 5 9 3 10 7 2139458 2100530 
4 8 5 1 6 2 9 3 10 7 2140372 2082328 
5 7 3 1 6 2 9 4 10 8 2151396 1936234 
5 7 3 10 6 2 9 4 1 8 2169696 1932274 
7 2 3 1 6 4 9 8 10 5 2566828 1821718 
7 2 3 1 9 4 6 8 10 5 3868214 1603914 
7 2 8 1 6 4 9 3 10 5 2563938 1834194 
7 3 2 6 1 9 4 8 10 5 1163548 2975626 
7 3 5 6 1 9 4 8 10 2 1163544 2985428 
7 5 3 1 6 4 9 2 10 8 1609310 2248614 
7 5 3 1 6 4 9 8 10 2 2570670 1815758 
7 5 3 1 9 4 6 8 10 2 3872056 1597954 
7 5 3 6 1 4 9 2 10 8 1293446 2607974 
7 5 3 10 6 4 9 2 1 8 1627780 2247988 
7 5 3 10 6 4 9 8 1 2 2589134 1814742 
7 5 3 10 9 4 6 8 1 2 3890520 1596938 
7 5 8 1 6 4 9 2 10 3 1582720 2282558 
7 5 8 6 1 4 9 2 10 3 1266590 2641918 
7 5 8 10 6 4 9 2 1 3 1601190 2281932 
7 8 2 1 6 9 4 3 10 5 1536566 2445606 
7 8 2 6 1 9 4 3 10 5 1212008 2788026 
7 8 2 10 6 9 4 3 1 5 1555434 2438810 
7 8 5 6 1 9 4 3 10 2 1212004 2797828 
8 2 3 1 6 4 9 7 10 5 2320502 1866500 
8 2 3 1 9 4 6 7 10 5 3636188 1647116 
8 5 3 1 6 4 9 2 10 7 1920376 2110854 
8 5 3 1 6 4 9 7 10 2 2332516 1860176 
8 5 3 1 9 4 6 7 10 2 3648202 1640792 
8 5 3 10 6 4 9 2 1 7 1938790 2110228 
8 5 3 10 6 4 9 7 1 2 2350926 1859290 
8 5 3 10 9 4 6 7 1 2 3666612 1639906 
8 5 9 1 6 4 3 7 10 2 2696748 1794676 
8 5 9 10 6 4 3 7 1 2 2716230 1794094 
8 7 5 1 6 4 9 3 10 2 1824074 2138764 
8 7 5 6 1 4 9 3 10 2 1510552 2497896 
8 7 5 10 6 4 9 3 1 2 1842584 2136910 
9 2 3 1 6 4 8 5 10 7 2135854 2105738 
9 2 3 1 6 4 8 7 10 5 2499664 1852696 
